0.1879 0.2732  -1.00000000
0.1879 0.2732  -0.97000000
0.1879 0.2732  -0.94000000
0.1879 0.2732  -0.91000000
0.1879 0.2732  -0.88000000
0.1879 0.2732  -0.85000000
0.1879 0.2732  -0.82000000
0.1879 0.2732  -0.79000000
0.1879 0.2732  -0.76000000
0.1879 0.2732  -0.73000000
0.1879 0.2732  -0.70000000
0.1879 0.2732  -0.67000000
0.1879 0.2732  -0.64000000
0.1879 0.2732  -0.61000000
0.1879 0.2732  -0.58000000
0.1879 0.2732  -0.55000000
0.1879 0.2732  -0.52000000
0.1879 0.2732  -0.49000000
0.1879 0.2732  -0.46000000
0.1879 0.2732  -0.43000000
0.1879 0.2732  -0.40000000
0.1879 0.2732  -0.37000000
0.1879 0.2732  -0.34000000
0.1879 0.2732  -0.31000000
0.1879 0.2732  -0.28000000
0.1879 0.2732  -0.25000000
0.1879 0.2732  -0.22000000
0.1879 0.2732  -0.19000000
0.1879 0.2732  -0.16000000
0.1879 0.2732  -0.13000000
0.1879 0.2732  -0.10000000
0.1879 0.2732  -0.07000000
0.1879 0.2732  -0.04000000
0.1879 0.2732  -0.01000000
0.1879 0.2732  0.02000000
0.1879 0.2732  0.05000000
0.1879 0.2732  0.08000000
0.1879 0.2732  0.11000000
0.1879 0.2732  0.14000000
0.1879 0.2732  0.17000000
0.1879 0.2732  0.20000000
0.1879 0.2732  0.23000000
0.1879 0.2732  0.26000000
0.1879 0.2732  0.29000000
0.1879 0.2732  0.32000000
0.1879 0.2732  0.35000000
0.1879 0.2732  0.38000000
0.1879 0.2732  0.41000000
0.1879 0.2732  0.44000000
0.1879 0.2732  0.47000000
0.1879 0.2732  0.50000000
0.1879 0.2732  0.53000000
0.1879 0.2732  0.56000000
0.1879 0.2732  0.59000000
0.1879 0.2732  0.62000000
0.1879 0.2732  0.65000000
0.1879 0.2732  0.68000000
0.1879 0.2732  0.71000000
0.1879 0.2732  0.74000000
0.1879 0.2732  0.77000000
0.1879 0.2732  0.80000000
0.1879 0.2732  0.83000000
0.1879 0.2732  0.86000000
0.1879 0.2732  0.89000000
0.1879 0.2732  0.92000000
0.1879 0.2732  0.95000000
0.1879 0.2732  0.96000000
0.1879 0.2732  0.97000000
0.1879 0.2732  0.98000000
0.1879 0.2732  0.99000000
0.1879 0.2732  1.00000000
0.1879 0.2732  1.01000000
0.1879 0.2732  1.02000000
0.1879 0.2732  1.03000000
0.1879 0.2732  1.04000000
0.1879 0.2732  1.05000000
0.1879 0.2732  1.08000000
0.1879 0.2732  1.11000000
0.1879 0.2732  1.13000000
0.1879 0.2732  1.16000000
0.1879 0.2732  1.19000000
0.1879 0.2732  1.22000000
0.1879 0.2732  1.25000000
0.1879 0.2732  1.28000000
0.1879 0.2732  1.31000000
0.1879 0.2732  1.34000000
0.1879 0.2732  1.37000000
0.1879 0.2732  1.40000000
0.1879 0.2732  1.43000000
0.1879 0.2732  1.46000000
0.1879 0.2732  1.49000000
0.1879 0.2732  1.52000000
0.1879 0.2732  1.55000000
0.1879 0.2732  1.58000000
0.1879 0.2732  1.61000000
0.1879 0.2732  1.64000000
0.1879 0.2732  1.67000000
0.1879 0.2732  1.70000000
0.1879 0.2732  1.73000000
0.1879 0.2732  1.76000000
0.1879 0.2732  1.79000000
0.1879 0.2732  1.82000000
0.1879 0.2732  1.85000000
0.1879 0.2732  1.88000000
0.1879 0.2732  1.91000000
0.1879 0.2732  1.94000000
0.1879 0.2732  1.97000000
0.1879 0.2732  2.00000000
