16.755160819145562
4.654211338651545
2.7024452934105745
1.9039955476301775
1.4697509490478564
1.1967972013675403
1.0093470372979254
.8726646259971649
.7685853586764019
.686686918817441
.620561511820206
.5660527303765392
.5203466092902348
.4814701384811943
.44799895238357124
.41887902047863906
.39331363425224325
.37068939865366285
.35052637696957245
.332443667046539
.3161351097951993
.3013518132939849
.2878893611537038
.27557830294647306
.2642769845291098
.25386607301735703
.24424432680970207
.2353252924037298
.22703469944641688
.21930838768515135
.2120906432803236
