0.00 0.000 0.25
0.00 0.050 0.25
0.00 0.100 0.25
0.00 0.150 0.25
0.00 0.200 0.25
0.00 0.250 0.25
0.00 0.300 0.25
0.00 0.350 0.25
0.00 0.400 0.25
0.00 0.450 0.25
0.00 0.500 0.25
0.00 0.550 0.25
0.00 0.600 0.25
0.00 0.650 0.25
0.00 0.700 0.25
0.00 0.750 0.25
0.00 0.800 0.25
0.00 0.850 0.25
0.00 0.900 0.25
0.00 0.950 0.25
0.00 1.000 0.25
0.00 1.050 0.25
0.00 1.100 0.25
0.00 1.150 0.25
0.00 1.200 0.25
0.00 1.250 0.25
0.00 1.300 0.25
0.00 1.350 0.25
0.00 1.400 0.25
0.00 1.450 0.25
0.00 1.500 0.25
0.00 1.550 0.25
0.00 1.600 0.25
0.00 1.650 0.25
0.00 1.700 0.25
0.00 1.750 0.25
0.00 1.800 0.25
0.00 1.850 0.25
0.00 1.900 0.25
0.00 1.950 0.25
0.00 2.000 0.25
0.05 0.000 0.25
0.05 0.050 0.25
0.05 0.100 0.25
0.05 0.150 0.25
0.05 0.200 0.25
0.05 0.250 0.25
0.05 0.300 0.25
0.05 0.350 0.25
0.05 0.400 0.25
0.05 0.450 0.25
0.05 0.500 0.25
0.05 0.550 0.25
0.05 0.600 0.25
0.05 0.650 0.25
0.05 0.700 0.25
0.05 0.750 0.25
0.05 0.800 0.25
0.05 0.850 0.25
0.05 0.900 0.25
0.05 0.950 0.25
0.05 1.000 0.25
0.05 1.050 0.25
0.05 1.100 0.25
0.05 1.150 0.25
0.05 1.200 0.25
0.05 1.250 0.25
0.05 1.300 0.25
0.05 1.350 0.25
0.05 1.400 0.25
0.05 1.450 0.25
0.05 1.500 0.25
0.05 1.550 0.25
0.05 1.600 0.25
0.05 1.650 0.25
0.05 1.700 0.25
0.05 1.750 0.25
0.05 1.800 0.25
0.05 1.850 0.25
0.05 1.900 0.25
0.05 1.950 0.25
0.05 2.000 0.25
0.10 0.000 0.25
0.10 0.050 0.25
0.10 0.100 0.25
0.10 0.150 0.25
0.10 0.200 0.25
0.10 0.250 0.25
0.10 0.300 0.25
0.10 0.350 0.25
0.10 0.400 0.25
0.10 0.450 0.25
0.10 0.500 0.25
0.10 0.550 0.25
0.10 0.600 0.25
0.10 0.650 0.25
0.10 0.700 0.25
0.10 0.750 0.25
0.10 0.800 0.25
0.10 0.850 0.25
0.10 0.900 0.25
0.10 0.950 0.25
0.10 1.000 0.25
0.10 1.050 0.25
0.10 1.100 0.25
0.10 1.150 0.25
0.10 1.200 0.25
0.10 1.250 0.25
0.10 1.300 0.25
0.10 1.350 0.25
0.10 1.400 0.25
0.10 1.450 0.25
0.10 1.500 0.25
0.10 1.550 0.25
0.10 1.600 0.25
0.10 1.650 0.25
0.10 1.700 0.25
0.10 1.750 0.25
0.10 1.800 0.25
0.10 1.850 0.25
0.10 1.900 0.25
0.10 1.950 0.25
0.10 2.000 0.25
0.15 0.000 0.25
0.15 0.050 0.25
0.15 0.100 0.25
0.15 0.150 0.25
0.15 0.200 0.25
0.15 0.250 0.25
0.15 0.300 0.25
0.15 0.350 0.25
0.15 0.400 0.25
0.15 0.450 0.25
0.15 0.500 0.25
0.15 0.550 0.25
0.15 0.600 0.25
0.15 0.650 0.25
0.15 0.700 0.25
0.15 0.750 0.25
0.15 0.800 0.25
0.15 0.850 0.25
0.15 0.900 0.25
0.15 0.950 0.25
0.15 1.000 0.25
0.15 1.050 0.25
0.15 1.100 0.25
0.15 1.150 0.25
0.15 1.200 0.25
0.15 1.250 0.25
0.15 1.300 0.25
0.15 1.350 0.25
0.15 1.400 0.25
0.15 1.450 0.25
0.15 1.500 0.25
0.15 1.550 0.25
0.15 1.600 0.25
0.15 1.650 0.25
0.15 1.700 0.25
0.15 1.750 0.25
0.15 1.800 0.25
0.15 1.850 0.25
0.15 1.900 0.25
0.15 1.950 0.25
0.15 2.000 0.25
0.20 0.000 0.25
0.20 0.050 0.25
0.20 0.100 0.25
0.20 0.150 0.25
0.20 0.200 0.25
0.20 0.250 0.25
0.20 0.300 0.25
0.20 0.350 0.25
0.20 0.400 0.25
0.20 0.450 0.25
0.20 0.500 0.25
0.20 0.550 0.25
0.20 0.600 0.25
0.20 0.650 0.25
0.20 0.700 0.25
0.20 0.750 0.25
0.20 0.800 0.25
0.20 0.850 0.25
0.20 0.900 0.25
0.20 0.950 0.25
0.20 1.000 0.25
0.20 1.050 0.25
0.20 1.100 0.25
0.20 1.150 0.25
0.20 1.200 0.25
0.20 1.250 0.25
0.20 1.300 0.25
0.20 1.350 0.25
0.20 1.400 0.25
0.20 1.450 0.25
0.20 1.500 0.25
0.20 1.550 0.25
0.20 1.600 0.25
0.20 1.650 0.25
0.20 1.700 0.25
0.20 1.750 0.25
0.20 1.800 0.25
0.20 1.850 0.25
0.20 1.900 0.25
0.20 1.950 0.25
0.20 2.000 0.25
0.25 0.000 0.25
0.25 0.050 0.25
0.25 0.100 0.25
0.25 0.150 0.25
0.25 0.200 0.25
0.25 0.250 0.25
0.25 0.300 0.25
0.25 0.350 0.25
0.25 0.400 0.25
0.25 0.450 0.25
0.25 0.500 0.25
0.25 0.550 0.25
0.25 0.600 0.25
0.25 0.650 0.25
0.25 0.700 0.25
0.25 0.750 0.25
0.25 0.800 0.25
0.25 0.850 0.25
0.25 0.900 0.25
0.25 0.950 0.25
0.25 1.000 0.25
0.25 1.050 0.25
0.25 1.100 0.25
0.25 1.150 0.25
0.25 1.200 0.25
0.25 1.250 0.25
0.25 1.300 0.25
0.25 1.350 0.25
0.25 1.400 0.25
0.25 1.450 0.25
0.25 1.500 0.25
0.25 1.550 0.25
0.25 1.600 0.25
0.25 1.650 0.25
0.25 1.700 0.25
0.25 1.750 0.25
0.25 1.800 0.25
0.25 1.850 0.25
0.25 1.900 0.25
0.25 1.950 0.25
0.25 2.000 0.25
0.30 0.000 0.25
0.30 0.050 0.25
0.30 0.100 0.25
0.30 0.150 0.25
0.30 0.200 0.25
0.30 0.250 0.25
0.30 0.300 0.25
0.30 0.350 0.25
0.30 0.400 0.25
0.30 0.450 0.25
0.30 0.500 0.25
0.30 0.550 0.25
0.30 0.600 0.25
0.30 0.650 0.25
0.30 0.700 0.25
0.30 0.750 0.25
0.30 0.800 0.25
0.30 0.850 0.25
0.30 0.900 0.25
0.30 0.950 0.25
0.30 1.000 0.25
0.30 1.050 0.25
0.30 1.100 0.25
0.30 1.150 0.25
0.30 1.200 0.25
0.30 1.250 0.25
0.30 1.300 0.25
0.30 1.350 0.25
0.30 1.400 0.25
0.30 1.450 0.25
0.30 1.500 0.25
0.30 1.550 0.25
0.30 1.600 0.25
0.30 1.650 0.25
0.30 1.700 0.25
0.30 1.750 0.25
0.30 1.800 0.25
0.30 1.850 0.25
0.30 1.900 0.25
0.30 1.950 0.25
0.30 2.000 0.25
0.35 0.000 0.25
0.35 0.050 0.25
0.35 0.100 0.25
0.35 0.150 0.25
0.35 0.200 0.25
0.35 0.250 0.25
0.35 0.300 0.25
0.35 0.350 0.25
0.35 0.400 0.25
0.35 0.450 0.25
0.35 0.500 0.25
0.35 0.550 0.25
0.35 0.600 0.25
0.35 0.650 0.25
0.35 0.700 0.25
0.35 0.750 0.25
0.35 0.800 0.25
0.35 0.850 0.25
0.35 0.900 0.25
0.35 0.950 0.25
0.35 1.000 0.25
0.35 1.050 0.25
0.35 1.100 0.25
0.35 1.150 0.25
0.35 1.200 0.25
0.35 1.250 0.25
0.35 1.300 0.25
0.35 1.350 0.25
0.35 1.400 0.25
0.35 1.450 0.25
0.35 1.500 0.25
0.35 1.550 0.25
0.35 1.600 0.25
0.35 1.650 0.25
0.35 1.700 0.25
0.35 1.750 0.25
0.35 1.800 0.25
0.35 1.850 0.25
0.35 1.900 0.25
0.35 1.950 0.25
0.35 2.000 0.25
0.40 0.000 0.25
0.40 0.050 0.25
0.40 0.100 0.25
0.40 0.150 0.25
0.40 0.200 0.25
0.40 0.250 0.25
0.40 0.300 0.25
0.40 0.350 0.25
0.40 0.400 0.25
0.40 0.450 0.25
0.40 0.500 0.25
0.40 0.550 0.25
0.40 0.600 0.25
0.40 0.650 0.25
0.40 0.700 0.25
0.40 0.750 0.25
0.40 0.800 0.25
0.40 0.850 0.25
0.40 0.900 0.25
0.40 0.950 0.25
0.40 1.000 0.25
0.40 1.050 0.25
0.40 1.100 0.25
0.40 1.150 0.25
0.40 1.200 0.25
0.40 1.250 0.25
0.40 1.300 0.25
0.40 1.350 0.25
0.40 1.400 0.25
0.40 1.450 0.25
0.40 1.500 0.25
0.40 1.550 0.25
0.40 1.600 0.25
0.40 1.650 0.25
0.40 1.700 0.25
0.40 1.750 0.25
0.40 1.800 0.25
0.40 1.850 0.25
0.40 1.900 0.25
0.40 1.950 0.25
0.40 2.000 0.25
0.45 0.000 0.25
0.45 0.050 0.25
0.45 0.100 0.25
0.45 0.150 0.25
0.45 0.200 0.25
0.45 0.250 0.25
0.45 0.300 0.25
0.45 0.350 0.25
0.45 0.400 0.25
0.45 0.450 0.25
0.45 0.500 0.25
0.45 0.550 0.25
0.45 0.600 0.25
0.45 0.650 0.25
0.45 0.700 0.25
0.45 0.750 0.25
0.45 0.800 0.25
0.45 0.850 0.25
0.45 0.900 0.25
0.45 0.950 0.25
0.45 1.000 0.25
0.45 1.050 0.25
0.45 1.100 0.25
0.45 1.150 0.25
0.45 1.200 0.25
0.45 1.250 0.25
0.45 1.300 0.25
0.45 1.350 0.25
0.45 1.400 0.25
0.45 1.450 0.25
0.45 1.500 0.25
0.45 1.550 0.25
0.45 1.600 0.25
0.45 1.650 0.25
0.45 1.700 0.25
0.45 1.750 0.25
0.45 1.800 0.25
0.45 1.850 0.25
0.45 1.900 0.25
0.45 1.950 0.25
0.45 2.000 0.25
0.50 0.000 0.25
0.50 0.050 0.25
0.50 0.100 0.25
0.50 0.150 0.25
0.50 0.200 0.25
0.50 0.250 0.25
0.50 0.300 0.25
0.50 0.350 0.25
0.50 0.400 0.25
0.50 0.450 0.25
0.50 0.500 0.25
0.50 0.550 0.25
0.50 0.600 0.25
0.50 0.650 0.25
0.50 0.700 0.25
0.50 0.750 0.25
0.50 0.800 0.25
0.50 0.850 0.25
0.50 0.900 0.25
0.50 0.950 0.25
0.50 1.000 0.25
0.50 1.050 0.25
0.50 1.100 0.25
0.50 1.150 0.25
0.50 1.200 0.25
0.50 1.250 0.25
0.50 1.300 0.25
0.50 1.350 0.25
0.50 1.400 0.25
0.50 1.450 0.25
0.50 1.500 0.25
0.50 1.550 0.25
0.50 1.600 0.25
0.50 1.650 0.25
0.50 1.700 0.25
0.50 1.750 0.25
0.50 1.800 0.25
0.50 1.850 0.25
0.50 1.900 0.25
0.50 1.950 0.25
0.50 2.000 0.25
0.55 0.000 0.25
0.55 0.050 0.25
0.55 0.100 0.25
0.55 0.150 0.25
0.55 0.200 0.25
0.55 0.250 0.25
0.55 0.300 0.25
0.55 0.350 0.25
0.55 0.400 0.25
0.55 0.450 0.25
0.55 0.500 0.25
0.55 0.550 0.25
0.55 0.600 0.25
0.55 0.650 0.25
0.55 0.700 0.25
0.55 0.750 0.25
0.55 0.800 0.25
0.55 0.850 0.25
0.55 0.900 0.25
0.55 0.950 0.25
0.55 1.000 0.25
0.55 1.050 0.25
0.55 1.100 0.25
0.55 1.150 0.25
0.55 1.200 0.25
0.55 1.250 0.25
0.55 1.300 0.25
0.55 1.350 0.25
0.55 1.400 0.25
0.55 1.450 0.25
0.55 1.500 0.25
0.55 1.550 0.25
0.55 1.600 0.25
0.55 1.650 0.25
0.55 1.700 0.25
0.55 1.750 0.25
0.55 1.800 0.25
0.55 1.850 0.25
0.55 1.900 0.25
0.55 1.950 0.25
0.55 2.000 0.25
0.60 0.000 0.25
0.60 0.050 0.25
0.60 0.100 0.25
0.60 0.150 0.25
0.60 0.200 0.25
0.60 0.250 0.25
0.60 0.300 0.25
0.60 0.350 0.25
0.60 0.400 0.25
0.60 0.450 0.25
0.60 0.500 0.25
0.60 0.550 0.25
0.60 0.600 0.25
0.60 0.650 0.25
0.60 0.700 0.25
0.60 0.750 0.25
0.60 0.800 0.25
0.60 0.850 0.25
0.60 0.900 0.25
0.60 0.950 0.25
0.60 1.000 0.25
0.60 1.050 0.25
0.60 1.100 0.25
0.60 1.150 0.25
0.60 1.200 0.25
0.60 1.250 0.25
0.60 1.300 0.25
0.60 1.350 0.25
0.60 1.400 0.25
0.60 1.450 0.25
0.60 1.500 0.25
0.60 1.550 0.25
0.60 1.600 0.25
0.60 1.650 0.25
0.60 1.700 0.25
0.60 1.750 0.25
0.60 1.800 0.25
0.60 1.850 0.25
0.60 1.900 0.25
0.60 1.950 0.25
0.60 2.000 0.25
0.65 0.000 0.25
0.65 0.050 0.25
0.65 0.100 0.25
0.65 0.150 0.25
0.65 0.200 0.25
0.65 0.250 0.25
0.65 0.300 0.25
0.65 0.350 0.25
0.65 0.400 0.25
0.65 0.450 0.25
0.65 0.500 0.25
0.65 0.550 0.25
0.65 0.600 0.25
0.65 0.650 0.25
0.65 0.700 0.25
0.65 0.750 0.25
0.65 0.800 0.25
0.65 0.850 0.25
0.65 0.900 0.25
0.65 0.950 0.25
0.65 1.000 0.25
0.65 1.050 0.25
0.65 1.100 0.25
0.65 1.150 0.25
0.65 1.200 0.25
0.65 1.250 0.25
0.65 1.300 0.25
0.65 1.350 0.25
0.65 1.400 0.25
0.65 1.450 0.25
0.65 1.500 0.25
0.65 1.550 0.25
0.65 1.600 0.25
0.65 1.650 0.25
0.65 1.700 0.25
0.65 1.750 0.25
0.65 1.800 0.25
0.65 1.850 0.25
0.65 1.900 0.25
0.65 1.950 0.25
0.65 2.000 0.25
0.70 0.000 0.25
0.70 0.050 0.25
0.70 0.100 0.25
0.70 0.150 0.25
0.70 0.200 0.25
0.70 0.250 0.25
0.70 0.300 0.25
0.70 0.350 0.25
0.70 0.400 0.25
0.70 0.450 0.25
0.70 0.500 0.25
0.70 0.550 0.25
0.70 0.600 0.25
0.70 0.650 0.25
0.70 0.700 0.25
0.70 0.750 0.25
0.70 0.800 0.25
0.70 0.850 0.25
0.70 0.900 0.25
0.70 0.950 0.25
0.70 1.000 0.25
0.70 1.050 0.25
0.70 1.100 0.25
0.70 1.150 0.25
0.70 1.200 0.25
0.70 1.250 0.25
0.70 1.300 0.25
0.70 1.350 0.25
0.70 1.400 0.25
0.70 1.450 0.25
0.70 1.500 0.25
0.70 1.550 0.25
0.70 1.600 0.25
0.70 1.650 0.25
0.70 1.700 0.25
0.70 1.750 0.25
0.70 1.800 0.25
0.70 1.850 0.25
0.70 1.900 0.25
0.70 1.950 0.25
0.70 2.000 0.25
0.75 0.000 0.25
0.75 0.050 0.25
0.75 0.100 0.25
0.75 0.150 0.25
0.75 0.200 0.25
0.75 0.250 0.25
0.75 0.300 0.25
0.75 0.350 0.25
0.75 0.400 0.25
0.75 0.450 0.25
0.75 0.500 0.25
0.75 0.550 0.25
0.75 0.600 0.25
0.75 0.650 0.25
0.75 0.700 0.25
0.75 0.750 0.25
0.75 0.800 0.25
0.75 0.850 0.25
0.75 0.900 0.25
0.75 0.950 0.25
0.75 1.000 0.25
0.75 1.050 0.25
0.75 1.100 0.25
0.75 1.150 0.25
0.75 1.200 0.25
0.75 1.250 0.25
0.75 1.300 0.25
0.75 1.350 0.25
0.75 1.400 0.25
0.75 1.450 0.25
0.75 1.500 0.25
0.75 1.550 0.25
0.75 1.600 0.25
0.75 1.650 0.25
0.75 1.700 0.25
0.75 1.750 0.25
0.75 1.800 0.25
0.75 1.850 0.25
0.75 1.900 0.25
0.75 1.950 0.25
0.75 2.000 0.25
0.80 0.000 0.25
0.80 0.050 0.25
0.80 0.100 0.25
0.80 0.150 0.25
0.80 0.200 0.25
0.80 0.250 0.25
0.80 0.300 0.25
0.80 0.350 0.25
0.80 0.400 0.25
0.80 0.450 0.25
0.80 0.500 0.25
0.80 0.550 0.25
0.80 0.600 0.25
0.80 0.650 0.25
0.80 0.700 0.25
0.80 0.750 0.25
0.80 0.800 0.25
0.80 0.850 0.25
0.80 0.900 0.25
0.80 0.950 0.25
0.80 1.000 0.25
0.80 1.050 0.25
0.80 1.100 0.25
0.80 1.150 0.25
0.80 1.200 0.25
0.80 1.250 0.25
0.80 1.300 0.25
0.80 1.350 0.25
0.80 1.400 0.25
0.80 1.450 0.25
0.80 1.500 0.25
0.80 1.550 0.25
0.80 1.600 0.25
0.80 1.650 0.25
0.80 1.700 0.25
0.80 1.750 0.25
0.80 1.800 0.25
0.80 1.850 0.25
0.80 1.900 0.25
0.80 1.950 0.25
0.80 2.000 0.25
0.85 0.000 0.25
0.85 0.050 0.25
0.85 0.100 0.25
0.85 0.150 0.25
0.85 0.200 0.25
0.85 0.250 0.25
0.85 0.300 0.25
0.85 0.350 0.25
0.85 0.400 0.25
0.85 0.450 0.25
0.85 0.500 0.25
0.85 0.550 0.25
0.85 0.600 0.25
0.85 0.650 0.25
0.85 0.700 0.25
0.85 0.750 0.25
0.85 0.800 0.25
0.85 0.850 0.25
0.85 0.900 0.25
0.85 0.950 0.25
0.85 1.000 0.25
0.85 1.050 0.25
0.85 1.100 0.25
0.85 1.150 0.25
0.85 1.200 0.25
0.85 1.250 0.25
0.85 1.300 0.25
0.85 1.350 0.25
0.85 1.400 0.25
0.85 1.450 0.25
0.85 1.500 0.25
0.85 1.550 0.25
0.85 1.600 0.25
0.85 1.650 0.25
0.85 1.700 0.25
0.85 1.750 0.25
0.85 1.800 0.25
0.85 1.850 0.25
0.85 1.900 0.25
0.85 1.950 0.25
0.85 2.000 0.25
0.90 0.000 0.25
0.90 0.050 0.25
0.90 0.100 0.25
0.90 0.150 0.25
0.90 0.200 0.25
0.90 0.250 0.25
0.90 0.300 0.25
0.90 0.350 0.25
0.90 0.400 0.25
0.90 0.450 0.25
0.90 0.500 0.25
0.90 0.550 0.25
0.90 0.600 0.25
0.90 0.650 0.25
0.90 0.700 0.25
0.90 0.750 0.25
0.90 0.800 0.25
0.90 0.850 0.25
0.90 0.900 0.25
0.90 0.950 0.25
0.90 1.000 0.25
0.90 1.050 0.25
0.90 1.100 0.25
0.90 1.150 0.25
0.90 1.200 0.25
0.90 1.250 0.25
0.90 1.300 0.25
0.90 1.350 0.25
0.90 1.400 0.25
0.90 1.450 0.25
0.90 1.500 0.25
0.90 1.550 0.25
0.90 1.600 0.25
0.90 1.650 0.25
0.90 1.700 0.25
0.90 1.750 0.25
0.90 1.800 0.25
0.90 1.850 0.25
0.90 1.900 0.25
0.90 1.950 0.25
0.90 2.000 0.25
0.95 0.000 0.25
0.95 0.050 0.25
0.95 0.100 0.25
0.95 0.150 0.25
0.95 0.200 0.25
0.95 0.250 0.25
0.95 0.300 0.25
0.95 0.350 0.25
0.95 0.400 0.25
0.95 0.450 0.25
0.95 0.500 0.25
0.95 0.550 0.25
0.95 0.600 0.25
0.95 0.650 0.25
0.95 0.700 0.25
0.95 0.750 0.25
0.95 0.800 0.25
0.95 0.850 0.25
0.95 0.900 0.25
0.95 0.950 0.25
0.95 1.000 0.25
0.95 1.050 0.25
0.95 1.100 0.25
0.95 1.150 0.25
0.95 1.200 0.25
0.95 1.250 0.25
0.95 1.300 0.25
0.95 1.350 0.25
0.95 1.400 0.25
0.95 1.450 0.25
0.95 1.500 0.25
0.95 1.550 0.25
0.95 1.600 0.25
0.95 1.650 0.25
0.95 1.700 0.25
0.95 1.750 0.25
0.95 1.800 0.25
0.95 1.850 0.25
0.95 1.900 0.25
0.95 1.950 0.25
0.95 2.000 0.25
1.00 0.000 0.25
1.00 0.050 0.25
1.00 0.100 0.25
1.00 0.150 0.25
1.00 0.200 0.25
1.00 0.250 0.25
1.00 0.300 0.25
1.00 0.350 0.25
1.00 0.400 0.25
1.00 0.450 0.25
1.00 0.500 0.25
1.00 0.550 0.25
1.00 0.600 0.25
1.00 0.650 0.25
1.00 0.700 0.25
1.00 0.750 0.25
1.00 0.800 0.25
1.00 0.850 0.25
1.00 0.900 0.25
1.00 0.950 0.25
1.00 1.000 0.25
1.00 1.050 0.25
1.00 1.100 0.25
1.00 1.150 0.25
1.00 1.200 0.25
1.00 1.250 0.25
1.00 1.300 0.25
1.00 1.350 0.25
1.00 1.400 0.25
1.00 1.450 0.25
1.00 1.500 0.25
1.00 1.550 0.25
1.00 1.600 0.25
1.00 1.650 0.25
1.00 1.700 0.25
1.00 1.750 0.25
1.00 1.800 0.25
1.00 1.850 0.25
1.00 1.900 0.25
1.00 1.950 0.25
1.00 2.000 0.25
0.00 0.000 0.5
0.00 0.050 0.5
0.00 0.100 0.5
0.00 0.150 0.5
0.00 0.200 0.5
0.00 0.250 0.5
0.00 0.300 0.5
0.00 0.350 0.5
0.00 0.400 0.5
0.00 0.450 0.5
0.00 0.500 0.5
0.00 0.550 0.5
0.00 0.600 0.5
0.00 0.650 0.5
0.00 0.700 0.5
0.00 0.750 0.5
0.00 0.800 0.5
0.00 0.850 0.5
0.00 0.900 0.5
0.00 0.950 0.5
0.00 1.000 0.5
0.00 1.050 0.5
0.00 1.100 0.5
0.00 1.150 0.5
0.00 1.200 0.5
0.00 1.250 0.5
0.00 1.300 0.5
0.00 1.350 0.5
0.00 1.400 0.5
0.00 1.450 0.5
0.00 1.500 0.5
0.00 1.550 0.5
0.00 1.600 0.5
0.00 1.650 0.5
0.00 1.700 0.5
0.00 1.750 0.5
0.00 1.800 0.5
0.00 1.850 0.5
0.00 1.900 0.5
0.00 1.950 0.5
0.00 2.000 0.5
0.05 0.000 0.5
0.05 0.050 0.5
0.05 0.100 0.5
0.05 0.150 0.5
0.05 0.200 0.5
0.05 0.250 0.5
0.05 0.300 0.5
0.05 0.350 0.5
0.05 0.400 0.5
0.05 0.450 0.5
0.05 0.500 0.5
0.05 0.550 0.5
0.05 0.600 0.5
0.05 0.650 0.5
0.05 0.700 0.5
0.05 0.750 0.5
0.05 0.800 0.5
0.05 0.850 0.5
0.05 0.900 0.5
0.05 0.950 0.5
0.05 1.000 0.5
0.05 1.050 0.5
0.05 1.100 0.5
0.05 1.150 0.5
0.05 1.200 0.5
0.05 1.250 0.5
0.05 1.300 0.5
0.05 1.350 0.5
0.05 1.400 0.5
0.05 1.450 0.5
0.05 1.500 0.5
0.05 1.550 0.5
0.05 1.600 0.5
0.05 1.650 0.5
0.05 1.700 0.5
0.05 1.750 0.5
0.05 1.800 0.5
0.05 1.850 0.5
0.05 1.900 0.5
0.05 1.950 0.5
0.05 2.000 0.5
0.10 0.000 0.5
0.10 0.050 0.5
0.10 0.100 0.5
0.10 0.150 0.5
0.10 0.200 0.5
0.10 0.250 0.5
0.10 0.300 0.5
0.10 0.350 0.5
0.10 0.400 0.5
0.10 0.450 0.5
0.10 0.500 0.5
0.10 0.550 0.5
0.10 0.600 0.5
0.10 0.650 0.5
0.10 0.700 0.5
0.10 0.750 0.5
0.10 0.800 0.5
0.10 0.850 0.5
0.10 0.900 0.5
0.10 0.950 0.5
0.10 1.000 0.5
0.10 1.050 0.5
0.10 1.100 0.5
0.10 1.150 0.5
0.10 1.200 0.5
0.10 1.250 0.5
0.10 1.300 0.5
0.10 1.350 0.5
0.10 1.400 0.5
0.10 1.450 0.5
0.10 1.500 0.5
0.10 1.550 0.5
0.10 1.600 0.5
0.10 1.650 0.5
0.10 1.700 0.5
0.10 1.750 0.5
0.10 1.800 0.5
0.10 1.850 0.5
0.10 1.900 0.5
0.10 1.950 0.5
0.10 2.000 0.5
0.15 0.000 0.5
0.15 0.050 0.5
0.15 0.100 0.5
0.15 0.150 0.5
0.15 0.200 0.5
0.15 0.250 0.5
0.15 0.300 0.5
0.15 0.350 0.5
0.15 0.400 0.5
0.15 0.450 0.5
0.15 0.500 0.5
0.15 0.550 0.5
0.15 0.600 0.5
0.15 0.650 0.5
0.15 0.700 0.5
0.15 0.750 0.5
0.15 0.800 0.5
0.15 0.850 0.5
0.15 0.900 0.5
0.15 0.950 0.5
0.15 1.000 0.5
0.15 1.050 0.5
0.15 1.100 0.5
0.15 1.150 0.5
0.15 1.200 0.5
0.15 1.250 0.5
0.15 1.300 0.5
0.15 1.350 0.5
0.15 1.400 0.5
0.15 1.450 0.5
0.15 1.500 0.5
0.15 1.550 0.5
0.15 1.600 0.5
0.15 1.650 0.5
0.15 1.700 0.5
0.15 1.750 0.5
0.15 1.800 0.5
0.15 1.850 0.5
0.15 1.900 0.5
0.15 1.950 0.5
0.15 2.000 0.5
0.20 0.000 0.5
0.20 0.050 0.5
0.20 0.100 0.5
0.20 0.150 0.5
0.20 0.200 0.5
0.20 0.250 0.5
0.20 0.300 0.5
0.20 0.350 0.5
0.20 0.400 0.5
0.20 0.450 0.5
0.20 0.500 0.5
0.20 0.550 0.5
0.20 0.600 0.5
0.20 0.650 0.5
0.20 0.700 0.5
0.20 0.750 0.5
0.20 0.800 0.5
0.20 0.850 0.5
0.20 0.900 0.5
0.20 0.950 0.5
0.20 1.000 0.5
0.20 1.050 0.5
0.20 1.100 0.5
0.20 1.150 0.5
0.20 1.200 0.5
0.20 1.250 0.5
0.20 1.300 0.5
0.20 1.350 0.5
0.20 1.400 0.5
0.20 1.450 0.5
0.20 1.500 0.5
0.20 1.550 0.5
0.20 1.600 0.5
0.20 1.650 0.5
0.20 1.700 0.5
0.20 1.750 0.5
0.20 1.800 0.5
0.20 1.850 0.5
0.20 1.900 0.5
0.20 1.950 0.5
0.20 2.000 0.5
0.25 0.000 0.5
0.25 0.050 0.5
0.25 0.100 0.5
0.25 0.150 0.5
0.25 0.200 0.5
0.25 0.250 0.5
0.25 0.300 0.5
0.25 0.350 0.5
0.25 0.400 0.5
0.25 0.450 0.5
0.25 0.500 0.5
0.25 0.550 0.5
0.25 0.600 0.5
0.25 0.650 0.5
0.25 0.700 0.5
0.25 0.750 0.5
0.25 0.800 0.5
0.25 0.850 0.5
0.25 0.900 0.5
0.25 0.950 0.5
0.25 1.000 0.5
0.25 1.050 0.5
0.25 1.100 0.5
0.25 1.150 0.5
0.25 1.200 0.5
0.25 1.250 0.5
0.25 1.300 0.5
0.25 1.350 0.5
0.25 1.400 0.5
0.25 1.450 0.5
0.25 1.500 0.5
0.25 1.550 0.5
0.25 1.600 0.5
0.25 1.650 0.5
0.25 1.700 0.5
0.25 1.750 0.5
0.25 1.800 0.5
0.25 1.850 0.5
0.25 1.900 0.5
0.25 1.950 0.5
0.25 2.000 0.5
0.30 0.000 0.5
0.30 0.050 0.5
0.30 0.100 0.5
0.30 0.150 0.5
0.30 0.200 0.5
0.30 0.250 0.5
0.30 0.300 0.5
0.30 0.350 0.5
0.30 0.400 0.5
0.30 0.450 0.5
0.30 0.500 0.5
0.30 0.550 0.5
0.30 0.600 0.5
0.30 0.650 0.5
0.30 0.700 0.5
0.30 0.750 0.5
0.30 0.800 0.5
0.30 0.850 0.5
0.30 0.900 0.5
0.30 0.950 0.5
0.30 1.000 0.5
0.30 1.050 0.5
0.30 1.100 0.5
0.30 1.150 0.5
0.30 1.200 0.5
0.30 1.250 0.5
0.30 1.300 0.5
0.30 1.350 0.5
0.30 1.400 0.5
0.30 1.450 0.5
0.30 1.500 0.5
0.30 1.550 0.5
0.30 1.600 0.5
0.30 1.650 0.5
0.30 1.700 0.5
0.30 1.750 0.5
0.30 1.800 0.5
0.30 1.850 0.5
0.30 1.900 0.5
0.30 1.950 0.5
0.30 2.000 0.5
0.35 0.000 0.5
0.35 0.050 0.5
0.35 0.100 0.5
0.35 0.150 0.5
0.35 0.200 0.5
0.35 0.250 0.5
0.35 0.300 0.5
0.35 0.350 0.5
0.35 0.400 0.5
0.35 0.450 0.5
0.35 0.500 0.5
0.35 0.550 0.5
0.35 0.600 0.5
0.35 0.650 0.5
0.35 0.700 0.5
0.35 0.750 0.5
0.35 0.800 0.5
0.35 0.850 0.5
0.35 0.900 0.5
0.35 0.950 0.5
0.35 1.000 0.5
0.35 1.050 0.5
0.35 1.100 0.5
0.35 1.150 0.5
0.35 1.200 0.5
0.35 1.250 0.5
0.35 1.300 0.5
0.35 1.350 0.5
0.35 1.400 0.5
0.35 1.450 0.5
0.35 1.500 0.5
0.35 1.550 0.5
0.35 1.600 0.5
0.35 1.650 0.5
0.35 1.700 0.5
0.35 1.750 0.5
0.35 1.800 0.5
0.35 1.850 0.5
0.35 1.900 0.5
0.35 1.950 0.5
0.35 2.000 0.5
0.40 0.000 0.5
0.40 0.050 0.5
0.40 0.100 0.5
0.40 0.150 0.5
0.40 0.200 0.5
0.40 0.250 0.5
0.40 0.300 0.5
0.40 0.350 0.5
0.40 0.400 0.5
0.40 0.450 0.5
0.40 0.500 0.5
0.40 0.550 0.5
0.40 0.600 0.5
0.40 0.650 0.5
0.40 0.700 0.5
0.40 0.750 0.5
0.40 0.800 0.5
0.40 0.850 0.5
0.40 0.900 0.5
0.40 0.950 0.5
0.40 1.000 0.5
0.40 1.050 0.5
0.40 1.100 0.5
0.40 1.150 0.5
0.40 1.200 0.5
0.40 1.250 0.5
0.40 1.300 0.5
0.40 1.350 0.5
0.40 1.400 0.5
0.40 1.450 0.5
0.40 1.500 0.5
0.40 1.550 0.5
0.40 1.600 0.5
0.40 1.650 0.5
0.40 1.700 0.5
0.40 1.750 0.5
0.40 1.800 0.5
0.40 1.850 0.5
0.40 1.900 0.5
0.40 1.950 0.5
0.40 2.000 0.5
0.45 0.000 0.5
0.45 0.050 0.5
0.45 0.100 0.5
0.45 0.150 0.5
0.45 0.200 0.5
0.45 0.250 0.5
0.45 0.300 0.5
0.45 0.350 0.5
0.45 0.400 0.5
0.45 0.450 0.5
0.45 0.500 0.5
0.45 0.550 0.5
0.45 0.600 0.5
0.45 0.650 0.5
0.45 0.700 0.5
0.45 0.750 0.5
0.45 0.800 0.5
0.45 0.850 0.5
0.45 0.900 0.5
0.45 0.950 0.5
0.45 1.000 0.5
0.45 1.050 0.5
0.45 1.100 0.5
0.45 1.150 0.5
0.45 1.200 0.5
0.45 1.250 0.5
0.45 1.300 0.5
0.45 1.350 0.5
0.45 1.400 0.5
0.45 1.450 0.5
0.45 1.500 0.5
0.45 1.550 0.5
0.45 1.600 0.5
0.45 1.650 0.5
0.45 1.700 0.5
0.45 1.750 0.5
0.45 1.800 0.5
0.45 1.850 0.5
0.45 1.900 0.5
0.45 1.950 0.5
0.45 2.000 0.5
0.50 0.000 0.5
0.50 0.050 0.5
0.50 0.100 0.5
0.50 0.150 0.5
0.50 0.200 0.5
0.50 0.250 0.5
0.50 0.300 0.5
0.50 0.350 0.5
0.50 0.400 0.5
0.50 0.450 0.5
0.50 0.500 0.5
0.50 0.550 0.5
0.50 0.600 0.5
0.50 0.650 0.5
0.50 0.700 0.5
0.50 0.750 0.5
0.50 0.800 0.5
0.50 0.850 0.5
0.50 0.900 0.5
0.50 0.950 0.5
0.50 1.000 0.5
0.50 1.050 0.5
0.50 1.100 0.5
0.50 1.150 0.5
0.50 1.200 0.5
0.50 1.250 0.5
0.50 1.300 0.5
0.50 1.350 0.5
0.50 1.400 0.5
0.50 1.450 0.5
0.50 1.500 0.5
0.50 1.550 0.5
0.50 1.600 0.5
0.50 1.650 0.5
0.50 1.700 0.5
0.50 1.750 0.5
0.50 1.800 0.5
0.50 1.850 0.5
0.50 1.900 0.5
0.50 1.950 0.5
0.50 2.000 0.5
0.55 0.000 0.5
0.55 0.050 0.5
0.55 0.100 0.5
0.55 0.150 0.5
0.55 0.200 0.5
0.55 0.250 0.5
0.55 0.300 0.5
0.55 0.350 0.5
0.55 0.400 0.5
0.55 0.450 0.5
0.55 0.500 0.5
0.55 0.550 0.5
0.55 0.600 0.5
0.55 0.650 0.5
0.55 0.700 0.5
0.55 0.750 0.5
0.55 0.800 0.5
0.55 0.850 0.5
0.55 0.900 0.5
0.55 0.950 0.5
0.55 1.000 0.5
0.55 1.050 0.5
0.55 1.100 0.5
0.55 1.150 0.5
0.55 1.200 0.5
0.55 1.250 0.5
0.55 1.300 0.5
0.55 1.350 0.5
0.55 1.400 0.5
0.55 1.450 0.5
0.55 1.500 0.5
0.55 1.550 0.5
0.55 1.600 0.5
0.55 1.650 0.5
0.55 1.700 0.5
0.55 1.750 0.5
0.55 1.800 0.5
0.55 1.850 0.5
0.55 1.900 0.5
0.55 1.950 0.5
0.55 2.000 0.5
0.60 0.000 0.5
0.60 0.050 0.5
0.60 0.100 0.5
0.60 0.150 0.5
0.60 0.200 0.5
0.60 0.250 0.5
0.60 0.300 0.5
0.60 0.350 0.5
0.60 0.400 0.5
0.60 0.450 0.5
0.60 0.500 0.5
0.60 0.550 0.5
0.60 0.600 0.5
0.60 0.650 0.5
0.60 0.700 0.5
0.60 0.750 0.5
0.60 0.800 0.5
0.60 0.850 0.5
0.60 0.900 0.5
0.60 0.950 0.5
0.60 1.000 0.5
0.60 1.050 0.5
0.60 1.100 0.5
0.60 1.150 0.5
0.60 1.200 0.5
0.60 1.250 0.5
0.60 1.300 0.5
0.60 1.350 0.5
0.60 1.400 0.5
0.60 1.450 0.5
0.60 1.500 0.5
0.60 1.550 0.5
0.60 1.600 0.5
0.60 1.650 0.5
0.60 1.700 0.5
0.60 1.750 0.5
0.60 1.800 0.5
0.60 1.850 0.5
0.60 1.900 0.5
0.60 1.950 0.5
0.60 2.000 0.5
0.65 0.000 0.5
0.65 0.050 0.5
0.65 0.100 0.5
0.65 0.150 0.5
0.65 0.200 0.5
0.65 0.250 0.5
0.65 0.300 0.5
0.65 0.350 0.5
0.65 0.400 0.5
0.65 0.450 0.5
0.65 0.500 0.5
0.65 0.550 0.5
0.65 0.600 0.5
0.65 0.650 0.5
0.65 0.700 0.5
0.65 0.750 0.5
0.65 0.800 0.5
0.65 0.850 0.5
0.65 0.900 0.5
0.65 0.950 0.5
0.65 1.000 0.5
0.65 1.050 0.5
0.65 1.100 0.5
0.65 1.150 0.5
0.65 1.200 0.5
0.65 1.250 0.5
0.65 1.300 0.5
0.65 1.350 0.5
0.65 1.400 0.5
0.65 1.450 0.5
0.65 1.500 0.5
0.65 1.550 0.5
0.65 1.600 0.5
0.65 1.650 0.5
0.65 1.700 0.5
0.65 1.750 0.5
0.65 1.800 0.5
0.65 1.850 0.5
0.65 1.900 0.5
0.65 1.950 0.5
0.65 2.000 0.5
0.70 0.000 0.5
0.70 0.050 0.5
0.70 0.100 0.5
0.70 0.150 0.5
0.70 0.200 0.5
0.70 0.250 0.5
0.70 0.300 0.5
0.70 0.350 0.5
0.70 0.400 0.5
0.70 0.450 0.5
0.70 0.500 0.5
0.70 0.550 0.5
0.70 0.600 0.5
0.70 0.650 0.5
0.70 0.700 0.5
0.70 0.750 0.5
0.70 0.800 0.5
0.70 0.850 0.5
0.70 0.900 0.5
0.70 0.950 0.5
0.70 1.000 0.5
0.70 1.050 0.5
0.70 1.100 0.5
0.70 1.150 0.5
0.70 1.200 0.5
0.70 1.250 0.5
0.70 1.300 0.5
0.70 1.350 0.5
0.70 1.400 0.5
0.70 1.450 0.5
0.70 1.500 0.5
0.70 1.550 0.5
0.70 1.600 0.5
0.70 1.650 0.5
0.70 1.700 0.5
0.70 1.750 0.5
0.70 1.800 0.5
0.70 1.850 0.5
0.70 1.900 0.5
0.70 1.950 0.5
0.70 2.000 0.5
0.75 0.000 0.5
0.75 0.050 0.5
0.75 0.100 0.5
0.75 0.150 0.5
0.75 0.200 0.5
0.75 0.250 0.5
0.75 0.300 0.5
0.75 0.350 0.5
0.75 0.400 0.5
0.75 0.450 0.5
0.75 0.500 0.5
0.75 0.550 0.5
0.75 0.600 0.5
0.75 0.650 0.5
0.75 0.700 0.5
0.75 0.750 0.5
0.75 0.800 0.5
0.75 0.850 0.5
0.75 0.900 0.5
0.75 0.950 0.5
0.75 1.000 0.5
0.75 1.050 0.5
0.75 1.100 0.5
0.75 1.150 0.5
0.75 1.200 0.5
0.75 1.250 0.5
0.75 1.300 0.5
0.75 1.350 0.5
0.75 1.400 0.5
0.75 1.450 0.5
0.75 1.500 0.5
0.75 1.550 0.5
0.75 1.600 0.5
0.75 1.650 0.5
0.75 1.700 0.5
0.75 1.750 0.5
0.75 1.800 0.5
0.75 1.850 0.5
0.75 1.900 0.5
0.75 1.950 0.5
0.75 2.000 0.5
0.80 0.000 0.5
0.80 0.050 0.5
0.80 0.100 0.5
0.80 0.150 0.5
0.80 0.200 0.5
0.80 0.250 0.5
0.80 0.300 0.5
0.80 0.350 0.5
0.80 0.400 0.5
0.80 0.450 0.5
0.80 0.500 0.5
0.80 0.550 0.5
0.80 0.600 0.5
0.80 0.650 0.5
0.80 0.700 0.5
0.80 0.750 0.5
0.80 0.800 0.5
0.80 0.850 0.5
0.80 0.900 0.5
0.80 0.950 0.5
0.80 1.000 0.5
0.80 1.050 0.5
0.80 1.100 0.5
0.80 1.150 0.5
0.80 1.200 0.5
0.80 1.250 0.5
0.80 1.300 0.5
0.80 1.350 0.5
0.80 1.400 0.5
0.80 1.450 0.5
0.80 1.500 0.5
0.80 1.550 0.5
0.80 1.600 0.5
0.80 1.650 0.5
0.80 1.700 0.5
0.80 1.750 0.5
0.80 1.800 0.5
0.80 1.850 0.5
0.80 1.900 0.5
0.80 1.950 0.5
0.80 2.000 0.5
0.85 0.000 0.5
0.85 0.050 0.5
0.85 0.100 0.5
0.85 0.150 0.5
0.85 0.200 0.5
0.85 0.250 0.5
0.85 0.300 0.5
0.85 0.350 0.5
0.85 0.400 0.5
0.85 0.450 0.5
0.85 0.500 0.5
0.85 0.550 0.5
0.85 0.600 0.5
0.85 0.650 0.5
0.85 0.700 0.5
0.85 0.750 0.5
0.85 0.800 0.5
0.85 0.850 0.5
0.85 0.900 0.5
0.85 0.950 0.5
0.85 1.000 0.5
0.85 1.050 0.5
0.85 1.100 0.5
0.85 1.150 0.5
0.85 1.200 0.5
0.85 1.250 0.5
0.85 1.300 0.5
0.85 1.350 0.5
0.85 1.400 0.5
0.85 1.450 0.5
0.85 1.500 0.5
0.85 1.550 0.5
0.85 1.600 0.5
0.85 1.650 0.5
0.85 1.700 0.5
0.85 1.750 0.5
0.85 1.800 0.5
0.85 1.850 0.5
0.85 1.900 0.5
0.85 1.950 0.5
0.85 2.000 0.5
0.90 0.000 0.5
0.90 0.050 0.5
0.90 0.100 0.5
0.90 0.150 0.5
0.90 0.200 0.5
0.90 0.250 0.5
0.90 0.300 0.5
0.90 0.350 0.5
0.90 0.400 0.5
0.90 0.450 0.5
0.90 0.500 0.5
0.90 0.550 0.5
0.90 0.600 0.5
0.90 0.650 0.5
0.90 0.700 0.5
0.90 0.750 0.5
0.90 0.800 0.5
0.90 0.850 0.5
0.90 0.900 0.5
0.90 0.950 0.5
0.90 1.000 0.5
0.90 1.050 0.5
0.90 1.100 0.5
0.90 1.150 0.5
0.90 1.200 0.5
0.90 1.250 0.5
0.90 1.300 0.5
0.90 1.350 0.5
0.90 1.400 0.5
0.90 1.450 0.5
0.90 1.500 0.5
0.90 1.550 0.5
0.90 1.600 0.5
0.90 1.650 0.5
0.90 1.700 0.5
0.90 1.750 0.5
0.90 1.800 0.5
0.90 1.850 0.5
0.90 1.900 0.5
0.90 1.950 0.5
0.90 2.000 0.5
0.95 0.000 0.5
0.95 0.050 0.5
0.95 0.100 0.5
0.95 0.150 0.5
0.95 0.200 0.5
0.95 0.250 0.5
0.95 0.300 0.5
0.95 0.350 0.5
0.95 0.400 0.5
0.95 0.450 0.5
0.95 0.500 0.5
0.95 0.550 0.5
0.95 0.600 0.5
0.95 0.650 0.5
0.95 0.700 0.5
0.95 0.750 0.5
0.95 0.800 0.5
0.95 0.850 0.5
0.95 0.900 0.5
0.95 0.950 0.5
0.95 1.000 0.5
0.95 1.050 0.5
0.95 1.100 0.5
0.95 1.150 0.5
0.95 1.200 0.5
0.95 1.250 0.5
0.95 1.300 0.5
0.95 1.350 0.5
0.95 1.400 0.5
0.95 1.450 0.5
0.95 1.500 0.5
0.95 1.550 0.5
0.95 1.600 0.5
0.95 1.650 0.5
0.95 1.700 0.5
0.95 1.750 0.5
0.95 1.800 0.5
0.95 1.850 0.5
0.95 1.900 0.5
0.95 1.950 0.5
0.95 2.000 0.5
1.00 0.000 0.5
1.00 0.050 0.5
1.00 0.100 0.5
1.00 0.150 0.5
1.00 0.200 0.5
1.00 0.250 0.5
1.00 0.300 0.5
1.00 0.350 0.5
1.00 0.400 0.5
1.00 0.450 0.5
1.00 0.500 0.5
1.00 0.550 0.5
1.00 0.600 0.5
1.00 0.650 0.5
1.00 0.700 0.5
1.00 0.750 0.5
1.00 0.800 0.5
1.00 0.850 0.5
1.00 0.900 0.5
1.00 0.950 0.5
1.00 1.000 0.5
1.00 1.050 0.5
1.00 1.100 0.5
1.00 1.150 0.5
1.00 1.200 0.5
1.00 1.250 0.5
1.00 1.300 0.5
1.00 1.350 0.5
1.00 1.400 0.5
1.00 1.450 0.5
1.00 1.500 0.5
1.00 1.550 0.5
1.00 1.600 0.5
1.00 1.650 0.5
1.00 1.700 0.5
1.00 1.750 0.5
1.00 1.800 0.5
1.00 1.850 0.5
1.00 1.900 0.5
1.00 1.950 0.5
1.00 2.000 0.5
0.00 0.000 0.75
0.00 0.050 0.75
0.00 0.100 0.75
0.00 0.150 0.75
0.00 0.200 0.75
0.00 0.250 0.75
0.00 0.300 0.75
0.00 0.350 0.75
0.00 0.400 0.75
0.00 0.450 0.75
0.00 0.500 0.75
0.00 0.550 0.75
0.00 0.600 0.75
0.00 0.650 0.75
0.00 0.700 0.75
0.00 0.750 0.75
0.00 0.800 0.75
0.00 0.850 0.75
0.00 0.900 0.75
0.00 0.950 0.75
0.00 1.000 0.75
0.00 1.050 0.75
0.00 1.100 0.75
0.00 1.150 0.75
0.00 1.200 0.75
0.00 1.250 0.75
0.00 1.300 0.75
0.00 1.350 0.75
0.00 1.400 0.75
0.00 1.450 0.75
0.00 1.500 0.75
0.00 1.550 0.75
0.00 1.600 0.75
0.00 1.650 0.75
0.00 1.700 0.75
0.00 1.750 0.75
0.00 1.800 0.75
0.00 1.850 0.75
0.00 1.900 0.75
0.00 1.950 0.75
0.00 2.000 0.75
0.05 0.000 0.75
0.05 0.050 0.75
0.05 0.100 0.75
0.05 0.150 0.75
0.05 0.200 0.75
0.05 0.250 0.75
0.05 0.300 0.75
0.05 0.350 0.75
0.05 0.400 0.75
0.05 0.450 0.75
0.05 0.500 0.75
0.05 0.550 0.75
0.05 0.600 0.75
0.05 0.650 0.75
0.05 0.700 0.75
0.05 0.750 0.75
0.05 0.800 0.75
0.05 0.850 0.75
0.05 0.900 0.75
0.05 0.950 0.75
0.05 1.000 0.75
0.05 1.050 0.75
0.05 1.100 0.75
0.05 1.150 0.75
0.05 1.200 0.75
0.05 1.250 0.75
0.05 1.300 0.75
0.05 1.350 0.75
0.05 1.400 0.75
0.05 1.450 0.75
0.05 1.500 0.75
0.05 1.550 0.75
0.05 1.600 0.75
0.05 1.650 0.75
0.05 1.700 0.75
0.05 1.750 0.75
0.05 1.800 0.75
0.05 1.850 0.75
0.05 1.900 0.75
0.05 1.950 0.75
0.05 2.000 0.75
0.10 0.000 0.75
0.10 0.050 0.75
0.10 0.100 0.75
0.10 0.150 0.75
0.10 0.200 0.75
0.10 0.250 0.75
0.10 0.300 0.75
0.10 0.350 0.75
0.10 0.400 0.75
0.10 0.450 0.75
0.10 0.500 0.75
0.10 0.550 0.75
0.10 0.600 0.75
0.10 0.650 0.75
0.10 0.700 0.75
0.10 0.750 0.75
0.10 0.800 0.75
0.10 0.850 0.75
0.10 0.900 0.75
0.10 0.950 0.75
0.10 1.000 0.75
0.10 1.050 0.75
0.10 1.100 0.75
0.10 1.150 0.75
0.10 1.200 0.75
0.10 1.250 0.75
0.10 1.300 0.75
0.10 1.350 0.75
0.10 1.400 0.75
0.10 1.450 0.75
0.10 1.500 0.75
0.10 1.550 0.75
0.10 1.600 0.75
0.10 1.650 0.75
0.10 1.700 0.75
0.10 1.750 0.75
0.10 1.800 0.75
0.10 1.850 0.75
0.10 1.900 0.75
0.10 1.950 0.75
0.10 2.000 0.75
0.15 0.000 0.75
0.15 0.050 0.75
0.15 0.100 0.75
0.15 0.150 0.75
0.15 0.200 0.75
0.15 0.250 0.75
0.15 0.300 0.75
0.15 0.350 0.75
0.15 0.400 0.75
0.15 0.450 0.75
0.15 0.500 0.75
0.15 0.550 0.75
0.15 0.600 0.75
0.15 0.650 0.75
0.15 0.700 0.75
0.15 0.750 0.75
0.15 0.800 0.75
0.15 0.850 0.75
0.15 0.900 0.75
0.15 0.950 0.75
0.15 1.000 0.75
0.15 1.050 0.75
0.15 1.100 0.75
0.15 1.150 0.75
0.15 1.200 0.75
0.15 1.250 0.75
0.15 1.300 0.75
0.15 1.350 0.75
0.15 1.400 0.75
0.15 1.450 0.75
0.15 1.500 0.75
0.15 1.550 0.75
0.15 1.600 0.75
0.15 1.650 0.75
0.15 1.700 0.75
0.15 1.750 0.75
0.15 1.800 0.75
0.15 1.850 0.75
0.15 1.900 0.75
0.15 1.950 0.75
0.15 2.000 0.75
0.20 0.000 0.75
0.20 0.050 0.75
0.20 0.100 0.75
0.20 0.150 0.75
0.20 0.200 0.75
0.20 0.250 0.75
0.20 0.300 0.75
0.20 0.350 0.75
0.20 0.400 0.75
0.20 0.450 0.75
0.20 0.500 0.75
0.20 0.550 0.75
0.20 0.600 0.75
0.20 0.650 0.75
0.20 0.700 0.75
0.20 0.750 0.75
0.20 0.800 0.75
0.20 0.850 0.75
0.20 0.900 0.75
0.20 0.950 0.75
0.20 1.000 0.75
0.20 1.050 0.75
0.20 1.100 0.75
0.20 1.150 0.75
0.20 1.200 0.75
0.20 1.250 0.75
0.20 1.300 0.75
0.20 1.350 0.75
0.20 1.400 0.75
0.20 1.450 0.75
0.20 1.500 0.75
0.20 1.550 0.75
0.20 1.600 0.75
0.20 1.650 0.75
0.20 1.700 0.75
0.20 1.750 0.75
0.20 1.800 0.75
0.20 1.850 0.75
0.20 1.900 0.75
0.20 1.950 0.75
0.20 2.000 0.75
0.25 0.000 0.75
0.25 0.050 0.75
0.25 0.100 0.75
0.25 0.150 0.75
0.25 0.200 0.75
0.25 0.250 0.75
0.25 0.300 0.75
0.25 0.350 0.75
0.25 0.400 0.75
0.25 0.450 0.75
0.25 0.500 0.75
0.25 0.550 0.75
0.25 0.600 0.75
0.25 0.650 0.75
0.25 0.700 0.75
0.25 0.750 0.75
0.25 0.800 0.75
0.25 0.850 0.75
0.25 0.900 0.75
0.25 0.950 0.75
0.25 1.000 0.75
0.25 1.050 0.75
0.25 1.100 0.75
0.25 1.150 0.75
0.25 1.200 0.75
0.25 1.250 0.75
0.25 1.300 0.75
0.25 1.350 0.75
0.25 1.400 0.75
0.25 1.450 0.75
0.25 1.500 0.75
0.25 1.550 0.75
0.25 1.600 0.75
0.25 1.650 0.75
0.25 1.700 0.75
0.25 1.750 0.75
0.25 1.800 0.75
0.25 1.850 0.75
0.25 1.900 0.75
0.25 1.950 0.75
0.25 2.000 0.75
0.30 0.000 0.75
0.30 0.050 0.75
0.30 0.100 0.75
0.30 0.150 0.75
0.30 0.200 0.75
0.30 0.250 0.75
0.30 0.300 0.75
0.30 0.350 0.75
0.30 0.400 0.75
0.30 0.450 0.75
0.30 0.500 0.75
0.30 0.550 0.75
0.30 0.600 0.75
0.30 0.650 0.75
0.30 0.700 0.75
0.30 0.750 0.75
0.30 0.800 0.75
0.30 0.850 0.75
0.30 0.900 0.75
0.30 0.950 0.75
0.30 1.000 0.75
0.30 1.050 0.75
0.30 1.100 0.75
0.30 1.150 0.75
0.30 1.200 0.75
0.30 1.250 0.75
0.30 1.300 0.75
0.30 1.350 0.75
0.30 1.400 0.75
0.30 1.450 0.75
0.30 1.500 0.75
0.30 1.550 0.75
0.30 1.600 0.75
0.30 1.650 0.75
0.30 1.700 0.75
0.30 1.750 0.75
0.30 1.800 0.75
0.30 1.850 0.75
0.30 1.900 0.75
0.30 1.950 0.75
0.30 2.000 0.75
0.35 0.000 0.75
0.35 0.050 0.75
0.35 0.100 0.75
0.35 0.150 0.75
0.35 0.200 0.75
0.35 0.250 0.75
0.35 0.300 0.75
0.35 0.350 0.75
0.35 0.400 0.75
0.35 0.450 0.75
0.35 0.500 0.75
0.35 0.550 0.75
0.35 0.600 0.75
0.35 0.650 0.75
0.35 0.700 0.75
0.35 0.750 0.75
0.35 0.800 0.75
0.35 0.850 0.75
0.35 0.900 0.75
0.35 0.950 0.75
0.35 1.000 0.75
0.35 1.050 0.75
0.35 1.100 0.75
0.35 1.150 0.75
0.35 1.200 0.75
0.35 1.250 0.75
0.35 1.300 0.75
0.35 1.350 0.75
0.35 1.400 0.75
0.35 1.450 0.75
0.35 1.500 0.75
0.35 1.550 0.75
0.35 1.600 0.75
0.35 1.650 0.75
0.35 1.700 0.75
0.35 1.750 0.75
0.35 1.800 0.75
0.35 1.850 0.75
0.35 1.900 0.75
0.35 1.950 0.75
0.35 2.000 0.75
0.40 0.000 0.75
0.40 0.050 0.75
0.40 0.100 0.75
0.40 0.150 0.75
0.40 0.200 0.75
0.40 0.250 0.75
0.40 0.300 0.75
0.40 0.350 0.75
0.40 0.400 0.75
0.40 0.450 0.75
0.40 0.500 0.75
0.40 0.550 0.75
0.40 0.600 0.75
0.40 0.650 0.75
0.40 0.700 0.75
0.40 0.750 0.75
0.40 0.800 0.75
0.40 0.850 0.75
0.40 0.900 0.75
0.40 0.950 0.75
0.40 1.000 0.75
0.40 1.050 0.75
0.40 1.100 0.75
0.40 1.150 0.75
0.40 1.200 0.75
0.40 1.250 0.75
0.40 1.300 0.75
0.40 1.350 0.75
0.40 1.400 0.75
0.40 1.450 0.75
0.40 1.500 0.75
0.40 1.550 0.75
0.40 1.600 0.75
0.40 1.650 0.75
0.40 1.700 0.75
0.40 1.750 0.75
0.40 1.800 0.75
0.40 1.850 0.75
0.40 1.900 0.75
0.40 1.950 0.75
0.40 2.000 0.75
0.45 0.000 0.75
0.45 0.050 0.75
0.45 0.100 0.75
0.45 0.150 0.75
0.45 0.200 0.75
0.45 0.250 0.75
0.45 0.300 0.75
0.45 0.350 0.75
0.45 0.400 0.75
0.45 0.450 0.75
0.45 0.500 0.75
0.45 0.550 0.75
0.45 0.600 0.75
0.45 0.650 0.75
0.45 0.700 0.75
0.45 0.750 0.75
0.45 0.800 0.75
0.45 0.850 0.75
0.45 0.900 0.75
0.45 0.950 0.75
0.45 1.000 0.75
0.45 1.050 0.75
0.45 1.100 0.75
0.45 1.150 0.75
0.45 1.200 0.75
0.45 1.250 0.75
0.45 1.300 0.75
0.45 1.350 0.75
0.45 1.400 0.75
0.45 1.450 0.75
0.45 1.500 0.75
0.45 1.550 0.75
0.45 1.600 0.75
0.45 1.650 0.75
0.45 1.700 0.75
0.45 1.750 0.75
0.45 1.800 0.75
0.45 1.850 0.75
0.45 1.900 0.75
0.45 1.950 0.75
0.45 2.000 0.75
0.50 0.000 0.75
0.50 0.050 0.75
0.50 0.100 0.75
0.50 0.150 0.75
0.50 0.200 0.75
0.50 0.250 0.75
0.50 0.300 0.75
0.50 0.350 0.75
0.50 0.400 0.75
0.50 0.450 0.75
0.50 0.500 0.75
0.50 0.550 0.75
0.50 0.600 0.75
0.50 0.650 0.75
0.50 0.700 0.75
0.50 0.750 0.75
0.50 0.800 0.75
0.50 0.850 0.75
0.50 0.900 0.75
0.50 0.950 0.75
0.50 1.000 0.75
0.50 1.050 0.75
0.50 1.100 0.75
0.50 1.150 0.75
0.50 1.200 0.75
0.50 1.250 0.75
0.50 1.300 0.75
0.50 1.350 0.75
0.50 1.400 0.75
0.50 1.450 0.75
0.50 1.500 0.75
0.50 1.550 0.75
0.50 1.600 0.75
0.50 1.650 0.75
0.50 1.700 0.75
0.50 1.750 0.75
0.50 1.800 0.75
0.50 1.850 0.75
0.50 1.900 0.75
0.50 1.950 0.75
0.50 2.000 0.75
0.55 0.000 0.75
0.55 0.050 0.75
0.55 0.100 0.75
0.55 0.150 0.75
0.55 0.200 0.75
0.55 0.250 0.75
0.55 0.300 0.75
0.55 0.350 0.75
0.55 0.400 0.75
0.55 0.450 0.75
0.55 0.500 0.75
0.55 0.550 0.75
0.55 0.600 0.75
0.55 0.650 0.75
0.55 0.700 0.75
0.55 0.750 0.75
0.55 0.800 0.75
0.55 0.850 0.75
0.55 0.900 0.75
0.55 0.950 0.75
0.55 1.000 0.75
0.55 1.050 0.75
0.55 1.100 0.75
0.55 1.150 0.75
0.55 1.200 0.75
0.55 1.250 0.75
0.55 1.300 0.75
0.55 1.350 0.75
0.55 1.400 0.75
0.55 1.450 0.75
0.55 1.500 0.75
0.55 1.550 0.75
0.55 1.600 0.75
0.55 1.650 0.75
0.55 1.700 0.75
0.55 1.750 0.75
0.55 1.800 0.75
0.55 1.850 0.75
0.55 1.900 0.75
0.55 1.950 0.75
0.55 2.000 0.75
0.60 0.000 0.75
0.60 0.050 0.75
0.60 0.100 0.75
0.60 0.150 0.75
0.60 0.200 0.75
0.60 0.250 0.75
0.60 0.300 0.75
0.60 0.350 0.75
0.60 0.400 0.75
0.60 0.450 0.75
0.60 0.500 0.75
0.60 0.550 0.75
0.60 0.600 0.75
0.60 0.650 0.75
0.60 0.700 0.75
0.60 0.750 0.75
0.60 0.800 0.75
0.60 0.850 0.75
0.60 0.900 0.75
0.60 0.950 0.75
0.60 1.000 0.75
0.60 1.050 0.75
0.60 1.100 0.75
0.60 1.150 0.75
0.60 1.200 0.75
0.60 1.250 0.75
0.60 1.300 0.75
0.60 1.350 0.75
0.60 1.400 0.75
0.60 1.450 0.75
0.60 1.500 0.75
0.60 1.550 0.75
0.60 1.600 0.75
0.60 1.650 0.75
0.60 1.700 0.75
0.60 1.750 0.75
0.60 1.800 0.75
0.60 1.850 0.75
0.60 1.900 0.75
0.60 1.950 0.75
0.60 2.000 0.75
0.65 0.000 0.75
0.65 0.050 0.75
0.65 0.100 0.75
0.65 0.150 0.75
0.65 0.200 0.75
0.65 0.250 0.75
0.65 0.300 0.75
0.65 0.350 0.75
0.65 0.400 0.75
0.65 0.450 0.75
0.65 0.500 0.75
0.65 0.550 0.75
0.65 0.600 0.75
0.65 0.650 0.75
0.65 0.700 0.75
0.65 0.750 0.75
0.65 0.800 0.75
0.65 0.850 0.75
0.65 0.900 0.75
0.65 0.950 0.75
0.65 1.000 0.75
0.65 1.050 0.75
0.65 1.100 0.75
0.65 1.150 0.75
0.65 1.200 0.75
0.65 1.250 0.75
0.65 1.300 0.75
0.65 1.350 0.75
0.65 1.400 0.75
0.65 1.450 0.75
0.65 1.500 0.75
0.65 1.550 0.75
0.65 1.600 0.75
0.65 1.650 0.75
0.65 1.700 0.75
0.65 1.750 0.75
0.65 1.800 0.75
0.65 1.850 0.75
0.65 1.900 0.75
0.65 1.950 0.75
0.65 2.000 0.75
0.70 0.000 0.75
0.70 0.050 0.75
0.70 0.100 0.75
0.70 0.150 0.75
0.70 0.200 0.75
0.70 0.250 0.75
0.70 0.300 0.75
0.70 0.350 0.75
0.70 0.400 0.75
0.70 0.450 0.75
0.70 0.500 0.75
0.70 0.550 0.75
0.70 0.600 0.75
0.70 0.650 0.75
0.70 0.700 0.75
0.70 0.750 0.75
0.70 0.800 0.75
0.70 0.850 0.75
0.70 0.900 0.75
0.70 0.950 0.75
0.70 1.000 0.75
0.70 1.050 0.75
0.70 1.100 0.75
0.70 1.150 0.75
0.70 1.200 0.75
0.70 1.250 0.75
0.70 1.300 0.75
0.70 1.350 0.75
0.70 1.400 0.75
0.70 1.450 0.75
0.70 1.500 0.75
0.70 1.550 0.75
0.70 1.600 0.75
0.70 1.650 0.75
0.70 1.700 0.75
0.70 1.750 0.75
0.70 1.800 0.75
0.70 1.850 0.75
0.70 1.900 0.75
0.70 1.950 0.75
0.70 2.000 0.75
0.75 0.000 0.75
0.75 0.050 0.75
0.75 0.100 0.75
0.75 0.150 0.75
0.75 0.200 0.75
0.75 0.250 0.75
0.75 0.300 0.75
0.75 0.350 0.75
0.75 0.400 0.75
0.75 0.450 0.75
0.75 0.500 0.75
0.75 0.550 0.75
0.75 0.600 0.75
0.75 0.650 0.75
0.75 0.700 0.75
0.75 0.750 0.75
0.75 0.800 0.75
0.75 0.850 0.75
0.75 0.900 0.75
0.75 0.950 0.75
0.75 1.000 0.75
0.75 1.050 0.75
0.75 1.100 0.75
0.75 1.150 0.75
0.75 1.200 0.75
0.75 1.250 0.75
0.75 1.300 0.75
0.75 1.350 0.75
0.75 1.400 0.75
0.75 1.450 0.75
0.75 1.500 0.75
0.75 1.550 0.75
0.75 1.600 0.75
0.75 1.650 0.75
0.75 1.700 0.75
0.75 1.750 0.75
0.75 1.800 0.75
0.75 1.850 0.75
0.75 1.900 0.75
0.75 1.950 0.75
0.75 2.000 0.75
0.80 0.000 0.75
0.80 0.050 0.75
0.80 0.100 0.75
0.80 0.150 0.75
0.80 0.200 0.75
0.80 0.250 0.75
0.80 0.300 0.75
0.80 0.350 0.75
0.80 0.400 0.75
0.80 0.450 0.75
0.80 0.500 0.75
0.80 0.550 0.75
0.80 0.600 0.75
0.80 0.650 0.75
0.80 0.700 0.75
0.80 0.750 0.75
0.80 0.800 0.75
0.80 0.850 0.75
0.80 0.900 0.75
0.80 0.950 0.75
0.80 1.000 0.75
0.80 1.050 0.75
0.80 1.100 0.75
0.80 1.150 0.75
0.80 1.200 0.75
0.80 1.250 0.75
0.80 1.300 0.75
0.80 1.350 0.75
0.80 1.400 0.75
0.80 1.450 0.75
0.80 1.500 0.75
0.80 1.550 0.75
0.80 1.600 0.75
0.80 1.650 0.75
0.80 1.700 0.75
0.80 1.750 0.75
0.80 1.800 0.75
0.80 1.850 0.75
0.80 1.900 0.75
0.80 1.950 0.75
0.80 2.000 0.75
0.85 0.000 0.75
0.85 0.050 0.75
0.85 0.100 0.75
0.85 0.150 0.75
0.85 0.200 0.75
0.85 0.250 0.75
0.85 0.300 0.75
0.85 0.350 0.75
0.85 0.400 0.75
0.85 0.450 0.75
0.85 0.500 0.75
0.85 0.550 0.75
0.85 0.600 0.75
0.85 0.650 0.75
0.85 0.700 0.75
0.85 0.750 0.75
0.85 0.800 0.75
0.85 0.850 0.75
0.85 0.900 0.75
0.85 0.950 0.75
0.85 1.000 0.75
0.85 1.050 0.75
0.85 1.100 0.75
0.85 1.150 0.75
0.85 1.200 0.75
0.85 1.250 0.75
0.85 1.300 0.75
0.85 1.350 0.75
0.85 1.400 0.75
0.85 1.450 0.75
0.85 1.500 0.75
0.85 1.550 0.75
0.85 1.600 0.75
0.85 1.650 0.75
0.85 1.700 0.75
0.85 1.750 0.75
0.85 1.800 0.75
0.85 1.850 0.75
0.85 1.900 0.75
0.85 1.950 0.75
0.85 2.000 0.75
0.90 0.000 0.75
0.90 0.050 0.75
0.90 0.100 0.75
0.90 0.150 0.75
0.90 0.200 0.75
0.90 0.250 0.75
0.90 0.300 0.75
0.90 0.350 0.75
0.90 0.400 0.75
0.90 0.450 0.75
0.90 0.500 0.75
0.90 0.550 0.75
0.90 0.600 0.75
0.90 0.650 0.75
0.90 0.700 0.75
0.90 0.750 0.75
0.90 0.800 0.75
0.90 0.850 0.75
0.90 0.900 0.75
0.90 0.950 0.75
0.90 1.000 0.75
0.90 1.050 0.75
0.90 1.100 0.75
0.90 1.150 0.75
0.90 1.200 0.75
0.90 1.250 0.75
0.90 1.300 0.75
0.90 1.350 0.75
0.90 1.400 0.75
0.90 1.450 0.75
0.90 1.500 0.75
0.90 1.550 0.75
0.90 1.600 0.75
0.90 1.650 0.75
0.90 1.700 0.75
0.90 1.750 0.75
0.90 1.800 0.75
0.90 1.850 0.75
0.90 1.900 0.75
0.90 1.950 0.75
0.90 2.000 0.75
0.95 0.000 0.75
0.95 0.050 0.75
0.95 0.100 0.75
0.95 0.150 0.75
0.95 0.200 0.75
0.95 0.250 0.75
0.95 0.300 0.75
0.95 0.350 0.75
0.95 0.400 0.75
0.95 0.450 0.75
0.95 0.500 0.75
0.95 0.550 0.75
0.95 0.600 0.75
0.95 0.650 0.75
0.95 0.700 0.75
0.95 0.750 0.75
0.95 0.800 0.75
0.95 0.850 0.75
0.95 0.900 0.75
0.95 0.950 0.75
0.95 1.000 0.75
0.95 1.050 0.75
0.95 1.100 0.75
0.95 1.150 0.75
0.95 1.200 0.75
0.95 1.250 0.75
0.95 1.300 0.75
0.95 1.350 0.75
0.95 1.400 0.75
0.95 1.450 0.75
0.95 1.500 0.75
0.95 1.550 0.75
0.95 1.600 0.75
0.95 1.650 0.75
0.95 1.700 0.75
0.95 1.750 0.75
0.95 1.800 0.75
0.95 1.850 0.75
0.95 1.900 0.75
0.95 1.950 0.75
0.95 2.000 0.75
1.00 0.000 0.75
1.00 0.050 0.75
1.00 0.100 0.75
1.00 0.150 0.75
1.00 0.200 0.75
1.00 0.250 0.75
1.00 0.300 0.75
1.00 0.350 0.75
1.00 0.400 0.75
1.00 0.450 0.75
1.00 0.500 0.75
1.00 0.550 0.75
1.00 0.600 0.75
1.00 0.650 0.75
1.00 0.700 0.75
1.00 0.750 0.75
1.00 0.800 0.75
1.00 0.850 0.75
1.00 0.900 0.75
1.00 0.950 0.75
1.00 1.000 0.75
1.00 1.050 0.75
1.00 1.100 0.75
1.00 1.150 0.75
1.00 1.200 0.75
1.00 1.250 0.75
1.00 1.300 0.75
1.00 1.350 0.75
1.00 1.400 0.75
1.00 1.450 0.75
1.00 1.500 0.75
1.00 1.550 0.75
1.00 1.600 0.75
1.00 1.650 0.75
1.00 1.700 0.75
1.00 1.750 0.75
1.00 1.800 0.75
1.00 1.850 0.75
1.00 1.900 0.75
1.00 1.950 0.75
1.00 2.000 0.75
