1001.00000 1.00000
631.957344 1.00000
399.107170 1.00000
252.188643 1.00000
159.489319 1.00000
101.000000 1.00000
64.0957344 1.00000
40.8107170 1.00000
26.1188643 1.00000
16.8489319 1.00000
11.0000000 1.00000
7.30957344 1.00000
4.98107171 1.00000
3.51188643 1.00000
2.58489319 1.00000
2.00000000 1.00000
1.63095734 1.00000
1.39810717 1.00000
1.25118864 1.00000
1.15848932 1.00000
1.10000000 1.00000
1.06309573 1.00000
1.03981072 1.00000
1.02511886 1.00000
1.01584893 1.00000
1.01000000 1.00000
1.00630957 1.00000
1.00398107 1.00000
1.00251189 1.00000
1.00158489 1.00000
1.00100000 1.00000
1.00000000 1.00100000
1.00000000 1.00158489
1.00000000 1.00251189
1.00000000 1.00398107
1.00000000 1.00630957
1.00000000 1.01000000
1.00000000 1.01584893
1.00000000 1.02511886
1.00000000 1.03981072
1.00000000 1.06309573
1.00000000 1.10000000
1.00000000 1.15848932
1.00000000 1.25118864
1.00000000 1.39810717
1.00000000 1.63095734
1.00000000 2.00000000
1.00000000 2.58489319
1.00000000 3.51188643
1.00000000 4.98107171
1.00000000 7.30957344
1.00000000 11.00000000
1.00000000 16.84893192
1.00000000 26.11886432
1.00000000 40.81071706
1.00000000 64.09573445
1.00000000 101.00000000
1.00000000 159.48931925
1.00000000 252.18864315
1.00000000 399.10717055
1.00000000 631.95734448
1.00000000 1001.00000000
