3.12 0.23 -0.50000000
3.12 0.23 -0.49500000
3.12 0.23 -0.49000000
3.12 0.23 -0.48500000
3.12 0.23 -0.48000000
3.12 0.23 -0.47500000
3.12 0.23 -0.47000000
3.12 0.23 -0.46500000
3.12 0.23 -0.46000000
3.12 0.23 -0.45500000
3.12 0.23 -0.45000000
3.12 0.23 -0.44500000
3.12 0.23 -0.44000000
3.12 0.23 -0.43500000
3.12 0.23 -0.43000000
3.12 0.23 -0.42500000
3.12 0.23 -0.42000000
3.12 0.23 -0.41500000
3.12 0.23 -0.41000000
3.12 0.23 -0.40500000
3.12 0.23 -0.40000000
3.12 0.23 -0.39500000
3.12 0.23 -0.39000000
3.12 0.23 -0.38500000
3.12 0.23 -0.38000000
3.12 0.23 -0.37500000
3.12 0.23 -0.37000000
3.12 0.23 -0.36500000
3.12 0.23 -0.36000000
3.12 0.23 -0.35500000
3.12 0.23 -0.35000000
3.12 0.23 -0.34500000
3.12 0.23 -0.34000000
3.12 0.23 -0.33500000
3.12 0.23 -0.33000000
3.12 0.23 -0.32500000
3.12 0.23 -0.32000000
3.12 0.23 -0.31500000
3.12 0.23 -0.31000000
3.12 0.23 -0.30500000
3.12 0.23 -0.30000000
3.12 0.23 -0.29500000
3.12 0.23 -0.29000000
3.12 0.23 -0.28500000
3.12 0.23 -0.28000000
3.12 0.23 -0.27500000
3.12 0.23 -0.27000000
3.12 0.23 -0.26500000
3.12 0.23 -0.26000000
3.12 0.23 -0.25500000
3.12 0.23 -0.25000000
3.12 0.23 -0.24500000
3.12 0.23 -0.24000000
3.12 0.23 -0.23500000
3.12 0.23 -0.23000000
3.12 0.23 -0.22500000
3.12 0.23 -0.22000000
3.12 0.23 -0.21500000
3.12 0.23 -0.21000000
3.12 0.23 -0.20500000
3.12 0.23 -0.20000000
3.12 0.23 -0.19500000
3.12 0.23 -0.19000000
3.12 0.23 -0.18500000
3.12 0.23 -0.18000000
3.12 0.23 -0.17500000
3.12 0.23 -0.17000000
3.12 0.23 -0.16500000
3.12 0.23 -0.16000000
3.12 0.23 -0.15500000
3.12 0.23 -0.15000000
3.12 0.23 -0.14500000
3.12 0.23 -0.14000000
3.12 0.23 -0.13500000
3.12 0.23 -0.13000000
3.12 0.23 -0.12500000
3.12 0.23 -0.12000000
3.12 0.23 -0.11500000
3.12 0.23 -0.11000000
3.12 0.23 -0.10500000
3.12 0.23 -0.10000000
3.12 0.23 -0.09500000
3.12 0.23 -0.09000000
3.12 0.23 -0.08500000
3.12 0.23 -0.08000000
3.12 0.23 -0.07500000
3.12 0.23 -0.07000000
3.12 0.23 -0.06500000
3.12 0.23 -0.06000000
3.12 0.23 -0.05500000
3.12 0.23 -0.05000000
3.12 0.23 -0.04500000
3.12 0.23 -0.04000000
3.12 0.23 -0.03500000
3.12 0.23 -0.03000000
3.12 0.23 -0.02500000
3.12 0.23 -0.02000000
3.12 0.23 -0.01500000
3.12 0.23 -0.01000000
3.12 0.23 -0.00500000
3.12 0.23 0.00000000
3.12 0.23 0.00500000
3.12 0.23 0.01000000
3.12 0.23 0.01500000
3.12 0.23 0.02000000
3.12 0.23 0.02500000
3.12 0.23 0.03000000
3.12 0.23 0.03500000
3.12 0.23 0.04000000
3.12 0.23 0.04500000
3.12 0.23 0.05000000
3.12 0.23 0.05500000
3.12 0.23 0.06000000
3.12 0.23 0.06500000
3.12 0.23 0.07000000
3.12 0.23 0.07500000
3.12 0.23 0.08000000
3.12 0.23 0.08500000
3.12 0.23 0.09000000
3.12 0.23 0.09500000
3.12 0.23 0.10000000
3.12 0.23 0.10500000
3.12 0.23 0.11000000
3.12 0.23 0.11500000
3.12 0.23 0.12000000
3.12 0.23 0.12500000
3.12 0.23 0.13000000
3.12 0.23 0.13500000
3.12 0.23 0.14000000
3.12 0.23 0.14500000
3.12 0.23 0.15000000
3.12 0.23 0.15500000
3.12 0.23 0.16000000
3.12 0.23 0.16500000
3.12 0.23 0.17000000
3.12 0.23 0.17500000
3.12 0.23 0.18000000
3.12 0.23 0.18500000
3.12 0.23 0.19000000
3.12 0.23 0.19500000
3.12 0.23 0.20000000
3.12 0.23 0.20500000
3.12 0.23 0.21000000
3.12 0.23 0.21500000
3.12 0.23 0.22000000
3.12 0.23 0.22500000
3.12 0.23 0.23000000
3.12 0.23 0.23500000
3.12 0.23 0.24000000
3.12 0.23 0.24500000
3.12 0.23 0.25000000
3.12 0.23 0.25500000
3.12 0.23 0.26000000
3.12 0.23 0.26500000
3.12 0.23 0.27000000
3.12 0.23 0.27500000
3.12 0.23 0.28000000
3.12 0.23 0.28500000
3.12 0.23 0.29000000
3.12 0.23 0.29500000
3.12 0.23 0.30000000
3.12 0.23 0.30500000
3.12 0.23 0.31000000
3.12 0.23 0.31500000
3.12 0.23 0.32000000
3.12 0.23 0.32500000
3.12 0.23 0.33000000
3.12 0.23 0.33500000
3.12 0.23 0.34000000
3.12 0.23 0.34500000
3.12 0.23 0.35000000
3.12 0.23 0.35500000
3.12 0.23 0.36000000
3.12 0.23 0.36500000
3.12 0.23 0.37000000
3.12 0.23 0.37500000
3.12 0.23 0.38000000
3.12 0.23 0.38500000
3.12 0.23 0.39000000
3.12 0.23 0.39500000
3.12 0.23 0.40000000
3.12 0.23 0.40500000
3.12 0.23 0.41000000
3.12 0.23 0.41500000
3.12 0.23 0.42000000
3.12 0.23 0.42500000
3.12 0.23 0.43000000
3.12 0.23 0.43500000
3.12 0.23 0.44000000
3.12 0.23 0.44500000
3.12 0.23 0.45000000
3.12 0.23 0.45500000
3.12 0.23 0.46000000
3.12 0.23 0.46500000
3.12 0.23 0.47000000
3.12 0.23 0.47500000
3.12 0.23 0.48000000
3.12 0.23 0.48500000
3.12 0.23 0.49000000
3.12 0.23 0.49500000
3.12 0.23 0.50000000
3.12 0.23 0.50500000
3.12 0.23 0.51000000
3.12 0.23 0.51500000
3.12 0.23 0.52000000
3.12 0.23 0.52500000
3.12 0.23 0.53000000
3.12 0.23 0.53500000
3.12 0.23 0.54000000
3.12 0.23 0.54500000
3.12 0.23 0.55000000
3.12 0.23 0.55500000
3.12 0.23 0.56000000
3.12 0.23 0.56500000
3.12 0.23 0.57000000
3.12 0.23 0.57500000
3.12 0.23 0.58000000
3.12 0.23 0.58500000
3.12 0.23 0.59000000
3.12 0.23 0.59500000
3.12 0.23 0.60000000
3.12 0.23 0.60500000
3.12 0.23 0.61000000
3.12 0.23 0.61500000
3.12 0.23 0.62000000
3.12 0.23 0.62500000
3.12 0.23 0.63000000
3.12 0.23 0.63500000
3.12 0.23 0.64000000
3.12 0.23 0.64500000
3.12 0.23 0.65000000
3.12 0.23 0.65500000
3.12 0.23 0.66000000
3.12 0.23 0.66500000
3.12 0.23 0.67000000
3.12 0.23 0.67500000
3.12 0.23 0.68000000
3.12 0.23 0.68500000
3.12 0.23 0.69000000
3.12 0.23 0.69500000
3.12 0.23 0.70000000
3.12 0.23 0.70500000
3.12 0.23 0.71000000
3.12 0.23 0.71500000
3.12 0.23 0.72000000
3.12 0.23 0.72500000
3.12 0.23 0.73000000
3.12 0.23 0.73500000
3.12 0.23 0.74000000
3.12 0.23 0.74500000
3.12 0.23 0.75000000
3.12 0.23 0.75500000
3.12 0.23 0.76000000
3.12 0.23 0.76500000
3.12 0.23 0.77000000
3.12 0.23 0.77500000
3.12 0.23 0.78000000
3.12 0.23 0.78500000
3.12 0.23 0.79000000
3.12 0.23 0.79500000
3.12 0.23 0.80000000
3.12 0.23 0.80500000
3.12 0.23 0.81000000
3.12 0.23 0.81500000
3.12 0.23 0.82000000
3.12 0.23 0.82500000
3.12 0.23 0.83000000
3.12 0.23 0.83500000
3.12 0.23 0.84000000
3.12 0.23 0.84500000
3.12 0.23 0.85000000
3.12 0.23 0.85500000
3.12 0.23 0.86000000
3.12 0.23 0.86500000
3.12 0.23 0.87000000
3.12 0.23 0.87500000
3.12 0.23 0.88000000
3.12 0.23 0.88500000
3.12 0.23 0.89000000
3.12 0.23 0.89500000
3.12 0.23 0.90000000
3.12 0.23 0.90500000
3.12 0.23 0.91000000
3.12 0.23 0.91500000
3.12 0.23 0.92000000
3.12 0.23 0.92500000
3.12 0.23 0.93000000
3.12 0.23 0.93500000
3.12 0.23 0.94000000
3.12 0.23 0.94500000
3.12 0.23 0.95000000
3.12 0.23 0.95500000
3.12 0.23 0.96000000
3.12 0.23 0.96500000
3.12 0.23 0.97000000
3.12 0.23 0.97500000
3.12 0.23 0.98000000
3.12 0.23 0.98500000
3.12 0.23 0.99000000
3.12 0.23 0.99500000
3.12 0.23 1.00000000
