0.001000
0.001101
0.001212
0.001334
0.001468
0.001616
0.001778
0.001957
0.002154
0.002371
0.002610
0.002873
0.003162
0.003481
0.003831
0.004217
0.004642
0.005109
0.005623
0.006190
0.006813
0.007499
0.008254
0.009085
0.010000
0.011007
0.012115
0.013335
0.014678
0.016156
0.017783
0.019573
0.021544
0.023714
0.026102
0.028730
0.031623
0.034807
0.038312
0.042170
0.046416
0.051090
0.056234
0.061897
0.068129
0.074989
0.082540
0.090852
0.100000
0.110069
0.121153
0.133352
0.146780
0.161560
0.177828
0.195734
0.215443
0.237137
0.261016
0.287298
0.316228
0.348070
0.383119
0.421697
0.464159
0.510897
0.562341
0.618966
0.681292
0.749894
0.825404
0.908518
1.000000
1.100694
1.211528
1.333521
1.467799
1.615598
1.778279
1.957342
2.154435
2.371374
2.610157
2.872985
3.162278
3.480701
3.831187
4.216965
4.641589
5.108970
5.623413
6.189658
6.812921
7.498942
8.254042
9.085176
10.000000
11.006942
12.115277
13.335214
14.677993
16.155981
17.782794
19.573418
21.544347
23.713737
26.101572
28.729848
31.622777
34.807006
38.311868
42.169650
46.415888
51.089698
56.234133
61.896582
68.129207
74.989421
82.540419
90.851758
100.000000
