-430.0 0.0 100.0
-421.4 0.0 100.0
-412.8 0.0 100.0
-404.2 0.0 100.0
-395.6 0.0 100.0
-387.0 0.0 100.0
-378.4 0.0 100.0
-369.8 0.0 100.0
-361.2 0.0 100.0
-352.6 0.0 100.0
-344.0 0.0 100.0
-335.4 0.0 100.0
-326.8 0.0 100.0
-318.2 0.0 100.0
-309.6 0.0 100.0
-301.0 0.0 100.0
-292.4 0.0 100.0
-283.8 0.0 100.0
-275.2 0.0 100.0
-266.6 0.0 100.0
-258.0 0.0 100.0
-249.4 0.0 100.0
-240.8 0.0 100.0
-232.2 0.0 100.0
-223.6 0.0 100.0
-215.0 0.0 100.0
-206.4 0.0 100.0
-197.8 0.0 100.0
-189.2 0.0 100.0
-180.6 0.0 100.0
-172.0 0.0 100.0
-163.4 0.0 100.0
-154.8 0.0 100.0
-146.2 0.0 100.0
-137.6 0.0 100.0
-129.0 0.0 100.0
-120.4 0.0 100.0
-111.8 0.0 100.0
-103.2 0.0 100.0
-94.6 0.0 100.0
-86.0 0.0 100.0
-77.4 0.0 100.0
-68.8 0.0 100.0
-60.2 0.0 100.0
-51.6 0.0 100.0
-43.0 0.0 100.0
-34.4 0.0 100.0
-25.8 0.0 100.0
-17.2 0.0 100.0
-8.6 0.0 100.0
0.0 0.0 100.0
8.6 0.0 100.0
17.2 0.0 100.0
25.8 0.0 100.0
34.4 0.0 100.0
43.0 0.0 100.0
51.6 0.0 100.0
60.2 0.0 100.0
68.8 0.0 100.0
77.4 0.0 100.0
86.0 0.0 100.0
94.6 0.0 100.0
103.2 0.0 100.0
111.8 0.0 100.0
120.4 0.0 100.0
129.0 0.0 100.0
137.6 0.0 100.0
146.2 0.0 100.0
154.8 0.0 100.0
163.4 0.0 100.0
172.0 0.0 100.0
180.6 0.0 100.0
189.2 0.0 100.0
197.8 0.0 100.0
206.4 0.0 100.0
215.0 0.0 100.0
223.6 0.0 100.0
232.2 0.0 100.0
240.8 0.0 100.0
249.4 0.0 100.0
258.0 0.0 100.0
266.6 0.0 100.0
275.2 0.0 100.0
283.8 0.0 100.0
292.4 0.0 100.0
301.0 0.0 100.0
309.6 0.0 100.0
318.2 0.0 100.0
326.8 0.0 100.0
335.4 0.0 100.0
344.0 0.0 100.0
352.6 0.0 100.0
361.2 0.0 100.0
369.8 0.0 100.0
378.4 0.0 100.0
387.0 0.0 100.0
395.6 0.0 100.0
404.2 0.0 100.0
412.8 0.0 100.0
421.4 0.0 100.0
430.0 0.0 100.0
