0.1 0.0 0.00000000
0.1 0.0 0.10129032
0.1 0.0 0.20258065
0.1 0.0 0.30387097
0.1 0.0 0.40516129
0.1 0.0 0.50645161
0.1 0.0 0.60774194
0.1 0.0 0.70903226
0.1 0.0 0.81032258
0.1 0.0 0.91161290
0.1 0.0 1.01290323
0.1 0.0 1.11419355
0.1 0.0 1.21548387
0.1 0.0 1.31677419
0.1 0.0 1.41806452
0.1 0.0 1.51935484
0.1 0.0 1.62064516
0.1 0.0 1.72193548
0.1 0.0 1.82322581
0.1 0.0 1.92451613
0.1 0.0 2.02580645
0.1 0.0 2.12709677
0.1 0.0 2.22838710
0.1 0.0 2.32967742
0.1 0.0 2.43096774
0.1 0.0 2.53225806
0.1 0.0 2.63354839
0.1 0.0 2.73483871
0.1 0.0 2.83612903
0.1 0.0 2.93741935
0.1 0.0 3.03870968
0.1 0.0 3.14000000
1.0 0.0 0.00000000
1.0 0.0 0.10129032
1.0 0.0 0.20258065
1.0 0.0 0.30387097
1.0 0.0 0.40516129
1.0 0.0 0.50645161
1.0 0.0 0.60774194
1.0 0.0 0.70903226
1.0 0.0 0.81032258
1.0 0.0 0.91161290
1.0 0.0 1.01290323
1.0 0.0 1.11419355
1.0 0.0 1.21548387
1.0 0.0 1.31677419
1.0 0.0 1.41806452
1.0 0.0 1.51935484
1.0 0.0 1.62064516
1.0 0.0 1.72193548
1.0 0.0 1.82322581
1.0 0.0 1.92451613
1.0 0.0 2.02580645
1.0 0.0 2.12709677
1.0 0.0 2.22838710
1.0 0.0 2.32967742
1.0 0.0 2.43096774
1.0 0.0 2.53225806
1.0 0.0 2.63354839
1.0 0.0 2.73483871
1.0 0.0 2.83612903
1.0 0.0 2.93741935
1.0 0.0 3.03870968
1.0 0.0 3.14000000
