1.00000000
1.11178446
1.23606469
1.37423751
1.52785591
1.69864646
1.88852874
2.09963691
2.33434369
2.59528705
2.88539981
3.20794268
3.56654082
3.96522466
4.40847517
4.90127419
5.44916048
6.05829195
6.73551486
7.48844076
8.32553207
9.25619719
10.29089621
11.44125850
12.72021342
14.14213562
15.72300664
17.48059446
19.43465330
21.60714555
24.02248868
26.70782964
29.69334999
33.00000000
33.73988990
34.49636880
35.26980865
36.06058972
36.86910081
37.69573946
38.54091210
39.40503427
40.28853084
41.19183621
42.11539450
43.05965980
44.02509639
45.01217894
46.02139278
47.05323411
48.10821025
49.18683991
50.28965343
51.41719303
52.57001309
53.74868041
54.95377453
56.18588795
57.44562647
58.73360946
60.05047020
61.39685616
62.77342930
64.18086647
65.61985965
67.09111636
68.59535998
70.13333010
71.70578291
73.31349154
74.95724645
76.63785583
78.35614600
80.11296179
81.90916698
83.74564472
85.62329796
87.54304988
89.50584438
91.51264652
93.56444297
95.66224256
97.80707672
100.00000000
