10  0
10 0.000 0
10 1.047 0
10 2.093 0
10 3.140 0
10 4.187 0
10 5.233 0
10 6.280 0
10 7.327 0
10 8.373 0
10 9.420 0
10 9.9 0
10 9.921524002964853 0
10 9.951670697614283 0
10 9.970236485583687 0
10 9.981670192891675 0
10 9.988711621083153 0
10 9.993048072038224 0
10 9.995718667601281 0
10 9.997363349101269 0
10 9.998376223260811 0
10 9.999 0
10 10.001 0
10 10.001274274985704 0
10 10.002069138081115 0
10 10.003359818286285 0
10 10.005455594781168 0
10 10.0088586679041 0
10 10.014384498882876 0
10 10.0233572146909 0
10 10.037926901907323 0
10 10.061584821106603 0
10 10.1 0
10 10.467 0
10 11.513 0
10 12.560 0
10 13.607 0
10 14.653 0
10 15.700 0
10 16.747 0
10 17.793 0
10 18.840 0
10 19.887 0
10 20.933 0
10 21.980 0
10 23.027 0
10 24.073 0
10 25.120 0
10 26.167 0
10 27.213 0
10 28.260 0
10 29.307 0
10 30.353 0
10 31.400 0
