0.0 0.0 0.000100
0.0 0.0 0.000115
0.0 0.0 0.000132
0.0 0.0 0.000151
0.0 0.0 0.000174
0.0 0.0 0.000200
0.0 0.0 0.000229
0.0 0.0 0.000263
0.0 0.0 0.000302
0.0 0.0 0.000347
0.0 0.0 0.000398
0.0 0.0 0.000457
0.0 0.0 0.000525
0.0 0.0 0.000603
0.0 0.0 0.000692
0.0 0.0 0.000794
0.0 0.0 0.000912
0.0 0.0 0.001047
0.0 0.0 0.001202
0.0 0.0 0.001380
0.0 0.0 0.001585
0.0 0.0 0.001820
0.0 0.0 0.002089
0.0 0.0 0.002399
0.0 0.0 0.002754
0.0 0.0 0.003162
0.0 0.0 0.003631
0.0 0.0 0.004169
0.0 0.0 0.004786
0.0 0.0 0.005495
0.0 0.0 0.006310
0.0 0.0 0.007244
0.0 0.0 0.008318
0.0 0.0 0.009550
0.0 0.0 0.010965
0.0 0.0 0.012589
0.0 0.0 0.014454
0.0 0.0 0.016596
0.0 0.0 0.019055
0.0 0.0 0.021878
0.0 0.0 0.025119
0.0 0.0 0.028840
0.0 0.0 0.033113
0.0 0.0 0.038019
0.0 0.0 0.043652
0.0 0.0 0.050119
0.0 0.0 0.057544
0.0 0.0 0.066069
0.0 0.0 0.075858
0.0 0.0 0.087096
0.0 0.0 0.100000
0.0 0.0 0.114815
0.0 0.0 0.131826
0.0 0.0 0.151356
0.0 0.0 0.173780
0.0 0.0 0.199526
0.0 0.0 0.229087
0.0 0.0 0.263027
0.0 0.0 0.301995
0.0 0.0 0.346737
0.0 0.0 0.398107
0.0 0.0 0.457088
0.0 0.0 0.524807
0.0 0.0 0.602560
0.0 0.0 0.691831
0.0 0.0 0.794328
0.0 0.0 0.912011
0.0 0.0 1.047129
0.0 0.0 1.202264
0.0 0.0 1.380384
0.0 0.0 1.584893
0.0 0.0 1.819701
0.0 0.0 2.089296
0.0 0.0 2.398833
0.0 0.0 2.754229
0.0 0.0 3.162278
0.0 0.0 3.630781
0.0 0.0 4.168694
0.0 0.0 4.786301
0.0 0.0 5.495409
0.0 0.0 6.309573
0.0 0.0 7.244360
0.0 0.0 8.317638
0.0 0.0 9.549926
0.0 0.0 10.964782
0.0 0.0 12.589254
0.0 0.0 14.454398
0.0 0.0 16.595869
0.0 0.0 19.054607
0.0 0.0 21.877616
0.0 0.0 25.118864
0.0 0.0 28.840315
0.0 0.0 33.113112
0.0 0.0 38.018940
0.0 0.0 43.651583
0.0 0.0 50.118723
0.0 0.0 57.543994
0.0 0.0 66.069345
0.0 0.0 75.857758
0.0 0.0 87.096359
0.0 0.0 100.000000
