0.1835 0.4225 -0.500 
0.1835 0.4225 -0.480 
0.1835 0.4225 -0.460 
0.1835 0.4225 -0.440 
0.1835 0.4225 -0.420 
0.1835 0.4225 -0.400 
0.1835 0.4225 -0.380 
0.1835 0.4225 -0.360 
0.1835 0.4225 -0.340 
0.1835 0.4225 -0.320 
0.1835 0.4225 -0.300 
0.1835 0.4225 -0.280 
0.1835 0.4225 -0.260 
0.1835 0.4225 -0.240 
0.1835 0.4225 -0.220 
0.1835 0.4225 -0.200 
0.1835 0.4225 -0.180 
0.1835 0.4225 -0.160 
0.1835 0.4225 -0.140 
0.1835 0.4225 -0.120 
0.1835 0.4225 -0.100 
0.1835 0.4225 -0.080 
0.1835 0.4225 -0.060 
0.1835 0.4225 -0.040 
0.1835 0.4225 -0.020 
0.1835 0.4225 0.000 
0.1835 0.4225 0.020 
0.1835 0.4225 0.040 
0.1835 0.4225 0.060 
0.1835 0.4225 0.080 
0.1835 0.4225 0.100 
0.1835 0.4225 0.120 
0.1835 0.4225 0.140 
0.1835 0.4225 0.160 
0.1835 0.4225 0.180 
0.1835 0.4225 0.200 
0.1835 0.4225 0.220 
0.1835 0.4225 0.240 
0.1835 0.4225 0.260 
0.1835 0.4225 0.280 
0.1835 0.4225 0.300 
0.1835 0.4225 0.320 
0.1835 0.4225 0.340 
0.1835 0.4225 0.360 
0.1835 0.4225 0.380 
0.1835 0.4225 0.400 
0.1835 0.4225 0.420 
0.1835 0.4225 0.440 
0.1835 0.4225 0.460 
0.1835 0.4225 0.480 
0.1835 0.4225 0.500 
